# ./LnMonte N=1000 seed=5521221
Location1	0.570276	1	1	1
Location0	0.832566	1	2	0.5
Location1	0.0733364	2	3	0.666667
Location1	0.276332	3	4	0.75
Location1	0.561427	4	5	0.8
Location0	0.7302	4	6	0.666667
Location1	0.666663	5	7	0.714286
Location1	0.42321	6	8	0.75
Location1	0.287951	7	9	0.777778
Location1	0.552531	8	10	0.8
Location1	0.520961	9	11	0.818182
Location0	0.719215	9	12	0.75
Location1	0.0158326	10	13	0.769231
Location0	0.929872	10	14	0.714286
Location0	0.826577	10	15	0.666667
Location0	0.830566	10	16	0.625
Location1	0.063789	11	17	0.647059
Location1	0.324801	12	18	0.666667
Location0	0.740086	12	19	0.631579
Location1	0.0673529	13	20	0.65
Location1	0.612845	14	21	0.666667
Location1	0.545811	15	22	0.681818
Location1	0.233565	16	23	0.695652
Location0	0.867223	16	24	0.666667
Location1	0.353127	17	25	0.68
Location1	0.0624261	18	26	0.692308
Location0	0.839821	18	27	0.666667
Location1	0.137213	19	28	0.678571
Location0	0.836574	19	29	0.655172
Location1	0.000949106	20	30	0.666667
Location1	0.459046	21	31	0.677419
Location1	0.406851	22	32	0.6875
Location0	0.833515	22	33	0.666667
Location1	0.532382	23	34	0.676471
Location1	0.683183	24	35	0.685714
Location1	0.394942	25	36	0.694444
Location1	0.262582	26	37	0.702703
Location1	0.349845	27	38	0.710526
Location0	0.818152	27	39	0.692308
Location1	0.550533	28	40	0.7
Location0	0.902377	28	41	0.682927
Location1	0.339113	29	42	0.690476
Location1	0.269748	30	43	0.697674
Location0	0.918209	30	44	0.681818
Location1	0.268985	31	45	0.688889
Location1	0.0963245	32	46	0.695652
Location0	0.748775	32	47	0.680851
Location1	0.332774	33	48	0.6875
Location1	0.421125	34	49	0.693878
Location1	0.488861	35	50	0.7
Location1	0.400127	36	51	0.705882
Location1	0.0339697	37	52	0.711538
Location1	0.0346716	38	53	0.716981
Location1	0.633692	39	54	0.722222
Location0	0.901193	39	55	0.709091
Location1	0.387798	40	56	0.714286
Location0	0.696118	40	57	0.701754
Location0	0.741014	40	58	0.689655
Location1	0.525011	41	59	0.694915
Location1	0.532692	42	60	0.7
Location0	0.741963	42	61	0.688525
Location0	0.984057	42	62	0.677419
Location0	0.939543	42	63	0.666667
Location1	0.575477	43	64	0.671875
Location1	0.516439	44	65	0.676923
Location1	0.622726	45	66	0.681818
Location0	0.970419	45	67	0.671642
Location0	0.779021	45	68	0.661765
Location0	0.972571	45	69	0.652174
Location0	0.788571	45	70	0.642857
Location1	0.329554	46	71	0.647887
Location0	0.874947	46	72	0.638889
Location1	0.127684	47	73	0.643836
Location1	0.599302	48	74	0.648649
Location0	0.793157	48	75	0.64
Location1	0.396669	49	76	0.644737
Location0	0.695627	49	77	0.636364
Location1	0.541932	50	78	0.641026
Location0	0.729443	50	79	0.632911
Location1	0.116752	51	80	0.6375
Location1	0.0307927	52	81	0.641975
Location1	0.12957	53	82	0.646341
Location1	0.150722	54	83	0.650602
Location1	0.0654643	55	84	0.654762
Location0	0.763262	55	85	0.647059
Location1	0.0519145	56	86	0.651163
Location1	0.453263	57	87	0.655172
Location1	0.45938	58	88	0.659091
Location0	0.792928	58	89	0.651685
Location0	0.978274	58	90	0.644444
Location0	0.992073	58	91	0.637363
Location1	0.534891	59	92	0.641304
Location0	0.96233	59	93	0.634409
Location0	0.931616	59	94	0.62766
Location1	0.110368	60	95	0.631579
Location1	0.478769	61	96	0.635417
Location1	0.554342	62	97	0.639175
Location1	0.0807871	63	98	0.642857
Location1	0.257791	64	99	0.646465
Location1	0.526913	65	100	0.65
Location0	0.869358	65	101	0.643564
Location1	0.587345	66	102	0.647059
Location1	0.40186	67	103	0.650485
Location0	0.997042	67	104	0.644231
Location1	0.186647	68	105	0.647619
Location1	0.195017	69	106	0.650943
Location1	0.39371	70	107	0.654206
Location0	0.882274	70	108	0.648148
Location0	0.736948	70	109	0.642202
Location1	0.123153	71	110	0.645455
Location0	0.999026	71	111	0.63964
Location0	0.767741	71	112	0.633929
Location1	0.252724	72	113	0.637168
Location1	0.149748	73	114	0.640351
Location0	0.833205	73	115	0.634783
Location1	0.0159857	74	116	0.637931
Location1	0.201662	75	117	0.641026
Location1	0.286468	76	118	0.644068
Location1	0.475366	77	119	0.647059
Location0	0.99459	77	120	0.641667
Location1	0.264741	78	121	0.644628
Location1	0.467439	79	122	0.647541
Location1	0.529481	80	123	0.650407
Location1	0.227072	81	124	0.653226
Location1	0.399055	82	125	0.656
Location1	0.639849	83	126	0.65873
Location0	0.705841	83	127	0.653543
Location0	0.953396	83	128	0.648438
Location0	0.720636	83	129	0.643411
Location0	0.963632	83	130	0.638462
Location1	0.480309	84	131	0.641221
Location1	0.589994	85	132	0.643939
Location1	0.550977	86	133	0.646617
Location0	0.882169	86	134	0.641791
Location1	0.587036	87	135	0.644444
Location0	0.737624	87	136	0.639706
Location1	0.0771855	88	137	0.642336
Location0	0.980746	88	138	0.637681
Location1	0.619898	89	139	0.640288
Location0	0.814134	89	140	0.635714
Location1	0.103899	90	141	0.638298
Location1	0.618924	91	142	0.640845
Location1	0.581875	92	143	0.643357
Location1	0.356623	93	144	0.645833
Location0	0.768672	93	145	0.641379
Location1	0.41508	94	146	0.643836
Location1	0.372609	95	147	0.646259
Location0	0.970334	95	148	0.641892
Location0	0.701548	95	149	0.637584
Location0	0.847975	95	150	0.633333
Location0	0.964925	95	151	0.629139
Location0	0.966289	95	152	0.625
Location1	0.315414	96	153	0.627451
Location1	0.494406	97	154	0.62987
Location1	0.193361	98	155	0.632258
Location0	0.714469	98	156	0.628205
Location1	0.134255	99	157	0.630573
Location0	0.899202	99	158	0.626582
Location1	0.667865	100	159	0.628931
Location0	0.854891	100	160	0.625
Location0	0.862834	100	161	0.621118
Location1	0.148174	101	162	0.623457
Location1	0.444885	102	163	0.625767
Location1	0.413811	103	164	0.628049
Location1	0.030343	104	165	0.630303
Location1	0.0319209	105	166	0.63253
Location1	0.151434	106	167	0.634731
Location1	0.107529	107	168	0.636905
Location1	0.0126669	108	169	0.639053
Location0	0.771332	108	170	0.635294
Location0	0.921662	108	171	0.631579
Location1	0.116566	109	172	0.633721
Location1	0.390256	110	173	0.635838
Location1	0.503537	111	174	0.637931
Location1	0.473189	112	175	0.64
Location1	0.158928	113	176	0.642045
Location0	0.918617	113	177	0.638418
Location0	0.845798	113	178	0.634831
Location1	0.129263	114	179	0.636872
Location1	0.620164	115	180	0.638889
Location0	0.693773	115	181	0.635359
Location1	0.0941875	116	182	0.637363
Location1	0.586454	117	183	0.639344
Location1	0.00918652	118	184	0.641304
Location1	0.588593	119	185	0.643243
Location0	0.779815	119	186	0.639785
Location0	0.723655	119	187	0.636364
Location0	0.722848	119	188	0.632979
Location1	0.679017	120	189	0.634921
Location1	0.39152	121	190	0.636842
Location1	0.57774	122	191	0.638743
Location1	0.541851	123	192	0.640625
Location1	0.539694	124	193	0.642487
Location1	0.022625	125	194	0.64433
Location0	0.955662	125	195	0.641026
Location1	0.570037	126	196	0.642857
Location1	0.054546	127	197	0.64467
Location1	0.107096	128	198	0.646465
Location1	0.677566	129	199	0.648241
Location1	0.0672129	130	200	0.65
Location0	0.878428	130	201	0.646766
Location1	0.599228	131	202	0.648515
Location1	0.183779	132	203	0.650246
Location1	0.268685	133	204	0.651961
Location1	0.102765	134	205	0.653659
Location1	0.656969	135	206	0.65534
Location1	0.427613	136	207	0.657005
Location1	0.0213817	137	208	0.658654
Location1	0.502767	138	209	0.660287
Location1	0.556876	139	210	0.661905
Location1	0.641546	140	211	0.663507
Location1	0.19654	141	212	0.665094
Location1	0.651064	142	213	0.666667
Location1	0.228	143	214	0.668224
Location1	0.205726	144	215	0.669767
Location1	0.239657	145	216	0.671296
Location1	0.0078146	146	217	0.672811
Location0	0.929381	146	218	0.669725
Location0	0.962505	146	219	0.666667
Location1	0.686832	147	220	0.668182
Location1	0.320901	148	221	0.669683
Location1	0.540245	149	222	0.671171
Location1	0.228683	150	223	0.672646
Location0	0.860595	150	224	0.669643
Location1	0.56287	151	225	0.671111
Location1	0.184344	152	226	0.672566
Location1	0.430632	153	227	0.674009
Location1	0.617416	154	228	0.675439
Location1	0.29144	155	229	0.676856
Location1	0.108198	156	230	0.678261
Location1	0.684629	157	231	0.679654
Location1	0.169869	158	232	0.681034
Location0	0.707426	158	233	0.678112
Location0	0.868408	158	234	0.675214
Location1	0.438554	159	235	0.676596
Location0	0.810191	159	236	0.673729
Location1	0.525377	160	237	0.675105
Location0	0.866167	160	238	0.672269
Location0	0.831573	160	239	0.669456
Location1	0.0281437	161	240	0.670833
Location1	0.423043	162	241	0.672199
Location1	0.473119	163	242	0.673554
Location1	0.224683	164	243	0.674897
Location1	0.0741067	165	244	0.67623
Location0	0.701119	165	245	0.673469
Location1	0.430409	166	246	0.674797
Location1	0.313764	167	247	0.676113
Location0	0.708933	167	248	0.673387
Location1	0.35979	168	249	0.674699
Location1	0.276269	169	250	0.676
Location1	0.395765	170	251	0.677291
Location1	0.680692	171	252	0.678571
Location0	0.816514	171	253	0.675889
Location1	0.624447	172	254	0.677165
Location1	0.541287	173	255	0.678431
Location1	0.379384	174	256	0.679688
Location0	0.808792	174	257	0.677043
Location0	0.971919	174	258	0.674419
Location0	0.9968	174	259	0.671815
Location1	0.100232	175	260	0.673077
Location1	0.0801173	176	261	0.67433
Location1	0.681429	177	262	0.675573
Location1	0.270101	178	263	0.676806
Location0	0.787543	178	264	0.674242
Location1	0.549838	179	265	0.675472
Location0	0.708654	179	266	0.672932
Location1	0.597734	180	267	0.674157
Location1	0.0752146	181	268	0.675373
Location1	0.574821	182	269	0.67658
Location1	0.429307	183	270	0.677778
Location1	0.103358	184	271	0.678967
Location0	0.997864	184	272	0.676471
Location0	0.902426	184	273	0.673993
Location1	0.328042	185	274	0.675182
Location1	0.0719711	186	275	0.676364
Location1	0.603545	187	276	0.677536
Location0	0.758451	187	277	0.67509
Location1	0.385735	188	278	0.676259
Location1	0.312478	189	279	0.677419
Location1	0.118241	190	280	0.678571
Location1	0.662004	191	281	0.679715
Location0	0.708243	191	282	0.677305
Location0	0.798933	191	283	0.674912
Location1	0.478518	192	284	0.676056
Location1	0.33269	193	285	0.677193
Location1	0.34022	194	286	0.678322
Location0	0.857903	194	287	0.675958
Location1	0.141482	195	288	0.677083
Location1	0.312139	196	289	0.678201
Location0	0.854703	196	290	0.675862
Location1	0.241713	197	291	0.676976
Location1	0.392256	198	292	0.678082
Location1	0.536132	199	293	0.679181
Location1	0.511814	200	294	0.680272
Location1	0.1798	201	295	0.681356
Location1	0.0859699	202	296	0.682432
Location1	0.220468	203	297	0.683502
Location0	0.777534	203	298	0.681208
Location1	0.161185	204	299	0.682274
Location0	0.795289	204	300	0.68
Location1	0.206841	205	301	0.681063
Location1	0.264543	206	302	0.682119
Location0	0.793154	206	303	0.679868
Location1	0.109267	207	304	0.680921
Location1	0.592584	208	305	0.681967
Location0	0.865125	208	306	0.679739
Location0	0.712812	208	307	0.677524
Location1	0.351035	209	308	0.678571
Location1	0.25086	210	309	0.679612
Location1	0.0252893	211	310	0.680645
Location1	0.469276	212	311	0.681672
Location0	0.912864	212	312	0.679487
Location0	0.733532	212	313	0.677316
Location1	0.268209	213	314	0.678344
Location1	0.391382	214	315	0.679365
Location1	0.066222	215	316	0.68038
Location1	0.608429	216	317	0.681388
Location1	0.249284	217	318	0.68239
Location1	0.207704	218	319	0.683386
Location0	0.920568	218	320	0.68125
Location1	0.103987	219	321	0.682243
Location1	0.449417	220	322	0.68323
Location1	0.312824	221	323	0.684211
Location1	0.64012	222	324	0.685185
Location0	0.961231	222	325	0.683077
Location1	0.492623	223	326	0.684049
Location0	0.72609	223	327	0.681957
Location1	0.181699	224	328	0.682927
Location1	0.270157	225	329	0.683891
Location0	0.887274	225	330	0.681818
Location0	0.976989	225	331	0.679758
Location1	0.476999	226	332	0.680723
Location1	0.151817	227	333	0.681682
Location0	0.770143	227	334	0.679641
Location1	0.586265	228	335	0.680597
Location0	0.744401	228	336	0.678571
Location1	0.635268	229	337	0.679525
Location1	0.299077	230	338	0.680473
Location1	0.0954362	231	339	0.681416
Location0	0.886127	231	340	0.679412
Location1	0.324366	232	341	0.680352
Location1	0.564713	233	342	0.681287
Location0	0.798991	233	343	0.6793
Location1	0.0578982	234	344	0.680233
Location0	0.832922	234	345	0.678261
Location1	0.190373	235	346	0.679191
Location1	0.12412	236	347	0.680115
Location1	0.441351	237	348	0.681034
Location1	0.439657	238	349	0.681948
Location1	0.331824	239	350	0.682857
Location1	0.361918	240	351	0.683761
Location1	0.543645	241	352	0.684659
Location0	0.781241	241	353	0.68272
Location1	0.674742	242	354	0.683616
Location1	0.183764	243	355	0.684507
Location0	0.742472	243	356	0.682584
Location1	0.167366	244	357	0.683473
Location0	0.909854	244	358	0.681564
Location0	0.924172	244	359	0.679666
Location1	0.437523	245	360	0.680556
Location0	0.797128	245	361	0.67867
Location0	0.90116	245	362	0.676796
Location0	0.914522	245	363	0.674931
Location0	0.948944	245	364	0.673077
Location1	0.671303	246	365	0.673973
Location1	0.500787	247	366	0.674863
Location0	0.693346	247	367	0.673025
Location1	0.306571	248	368	0.673913
Location0	0.799864	248	369	0.672087
Location0	0.788782	248	370	0.67027
Location1	0.192698	249	371	0.671159
Location1	0.12423	250	372	0.672043
Location1	0.353494	251	373	0.672922
Location0	0.991689	251	374	0.671123
Location1	0.182128	252	375	0.672
Location1	0.186416	253	376	0.672872
Location1	0.182062	254	377	0.67374
Location1	0.306249	255	378	0.674603
Location1	0.627767	256	379	0.675462
Location1	0.621719	257	380	0.676316
Location1	0.638073	258	381	0.677165
Location0	0.989685	258	382	0.675393
Location1	0.165364	259	383	0.67624
Location1	0.419314	260	384	0.677083
Location1	0.664427	261	385	0.677922
Location1	0.349128	262	386	0.678756
Location1	0.161786	263	387	0.679587
Location0	0.831793	263	388	0.677835
Location1	0.258981	264	389	0.678663
Location1	0.0859576	265	390	0.679487
Location1	0.269316	266	391	0.680307
Location1	0.0561092	267	392	0.681122
Location0	0.987118	267	393	0.679389
Location1	0.183837	268	394	0.680203
Location1	0.00505369	269	395	0.681013
Location1	0.658421	270	396	0.681818
Location1	0.684624	271	397	0.68262
Location0	0.698399	271	398	0.680905
Location0	0.964992	271	399	0.679198
Location1	0.484488	272	400	0.68
Location1	0.487181	273	401	0.680798
Location1	0.15769	274	402	0.681592
Location1	0.608718	275	403	0.682382
Location0	0.840675	275	404	0.680693
Location1	0.149379	276	405	0.681481
Location0	0.790847	276	406	0.679803
Location1	0.0270913	277	407	0.68059
Location1	0.331441	278	408	0.681373
Location1	0.0970956	279	409	0.682152
Location1	0.654858	280	410	0.682927
Location0	0.95316	280	411	0.681265
Location0	0.735168	280	412	0.679612
Location1	0.644543	281	413	0.680387
Location1	0.118523	282	414	0.681159
Location1	0.154482	283	415	0.681928
Location1	0.30897	284	416	0.682692
Location1	0.467651	285	417	0.683453
Location1	0.316268	286	418	0.684211
Location1	0.140762	287	419	0.684964
Location0	0.726632	287	420	0.683333
Location1	0.402225	288	421	0.684086
Location1	0.410078	289	422	0.684834
Location0	0.782742	289	423	0.683215
Location1	0.389343	290	424	0.683962
Location1	0.593915	291	425	0.684706
Location0	0.787795	291	426	0.683099
Location1	0.0477646	292	427	0.683841
Location1	0.278539	293	428	0.684579
Location1	0.486195	294	429	0.685315
Location1	0.0127564	295	430	0.686047
Location0	0.763028	295	431	0.684455
Location0	0.973376	295	432	0.68287
Location1	0.170446	296	433	0.683603
Location1	0.371746	297	434	0.684332
Location0	0.814051	297	435	0.682759
Location1	0.319825	298	436	0.683486
Location1	0.162593	299	437	0.684211
Location0	0.841142	299	438	0.682648
Location1	0.651266	300	439	0.683371
Location1	0.259689	301	440	0.684091
Location1	0.496	302	441	0.684807
Location1	0.604425	303	442	0.68552
Location0	0.994857	303	443	0.683973
Location1	0.140543	304	444	0.684685
Location0	0.722948	304	445	0.683146
Location1	0.149339	305	446	0.683857
Location1	0.449512	306	447	0.684564
Location1	0.190599	307	448	0.685268
Location1	0.465606	308	449	0.685969
Location1	0.590274	309	450	0.686667
Location0	0.917232	309	451	0.685144
Location0	0.867832	309	452	0.683628
Location1	0.000352169	310	453	0.684327
Location0	0.699973	310	454	0.682819
Location1	0.257175	311	455	0.683516
Location1	0.594267	312	456	0.684211
Location1	0.487769	313	457	0.684902
Location1	0.304939	314	458	0.68559
Location0	0.872807	314	459	0.684096
Location0	0.973963	314	460	0.682609
Location1	0.317696	315	461	0.683297
Location1	0.635834	316	462	0.683983
Location0	0.947339	316	463	0.682505
Location1	0.488142	317	464	0.68319
Location1	0.00758026	318	465	0.683871
Location0	0.76139	318	466	0.682403
Location0	0.807967	318	467	0.680942
Location1	0.170173	319	468	0.681624
Location1	0.602532	320	469	0.682303
Location1	0.459233	321	470	0.682979
Location1	0.429862	322	471	0.683652
Location1	0.0985322	323	472	0.684322
Location1	0.0636577	324	473	0.684989
Location1	0.424719	325	474	0.685654
Location1	0.239075	326	475	0.686316
Location0	0.786606	326	476	0.684874
Location1	0.574057	327	477	0.685535
Location1	0.688587	328	478	0.686192
Location0	0.977205	328	479	0.68476
Location1	0.0396634	329	480	0.685417
Location1	0.278861	330	481	0.686071
Location0	0.894437	330	482	0.684647
Location0	0.907495	330	483	0.68323
Location1	0.279213	331	484	0.683884
Location1	0.59441	332	485	0.684536
Location1	0.16467	333	486	0.685185
Location0	0.873481	333	487	0.683778
Location1	0.0821792	334	488	0.684426
Location1	0.469609	335	489	0.685072
Location0	0.746287	335	490	0.683673
Location1	0.0561426	336	491	0.684318
Location0	0.787305	336	492	0.682927
Location1	0.382121	337	493	0.68357
Location1	0.00348172	338	494	0.684211
Location1	0.275447	339	495	0.684848
Location1	0.389702	340	496	0.685484
Location0	0.764872	340	497	0.684105
Location1	0.0834142	341	498	0.684739
Location1	0.559875	342	499	0.685371
Location1	0.367404	343	500	0.686
Location1	0.542647	344	501	0.686627
Location0	0.989737	344	502	0.685259
Location1	0.465936	345	503	0.685885
Location1	0.606304	346	504	0.686508
Location1	0.414455	347	505	0.687129
Location0	0.705011	347	506	0.685771
Location1	0.39291	348	507	0.686391
Location0	0.988513	348	508	0.685039
Location1	0.393598	349	509	0.685658
Location1	0.370116	350	510	0.686275
Location1	0.0281759	351	511	0.686888
Location1	0.672459	352	512	0.6875
Location1	0.264553	353	513	0.688109
Location0	0.935671	353	514	0.68677
Location0	0.951672	353	515	0.685437
Location0	0.858963	353	516	0.684109
Location1	0.100341	354	517	0.68472
Location0	0.825153	354	518	0.683398
Location0	0.941142	354	519	0.682081
Location1	0.56995	355	520	0.682692
Location1	0.57144	356	521	0.683301
Location0	0.997285	356	522	0.681992
Location1	0.357255	357	523	0.6826
Location0	0.953561	357	524	0.681298
Location1	0.000766556	358	525	0.681905
Location1	0.632702	359	526	0.68251
Location1	0.343263	360	527	0.683112
Location0	0.765638	360	528	0.681818
Location0	0.716116	360	529	0.680529
Location0	0.903138	360	530	0.679245
Location1	0.133042	361	531	0.679849
Location1	0.258763	362	532	0.680451
Location0	0.892875	362	533	0.679174
Location1	0.598978	363	534	0.679775
Location0	0.865068	363	535	0.678505
Location1	0.30733	364	536	0.679104
Location1	0.303989	365	537	0.679702
Location1	0.257978	366	538	0.680297
Location1	0.295842	367	539	0.680891
Location0	0.697587	367	540	0.67963
Location1	0.628094	368	541	0.680222
Location1	0.324018	369	542	0.680812
Location1	0.370045	370	543	0.6814
Location0	0.892646	370	544	0.680147
Location1	0.259689	371	545	0.680734
Location1	0.321718	372	546	0.681319
Location0	0.751609	372	547	0.680073
Location1	0.36003	373	548	0.680657
Location1	0.14687	374	549	0.681239
Location1	0.692751	375	550	0.681818
Location0	0.92998	375	551	0.680581
Location0	0.71831	375	552	0.679348
Location1	0.690036	376	553	0.679928
Location1	0.287235	377	554	0.680505
Location1	0.671871	378	555	0.681081
Location1	0.690803	379	556	0.681655
Location0	0.919937	379	557	0.680431
Location1	0.0151344	380	558	0.681004
Location1	0.456441	381	559	0.681574
Location1	0.636053	382	560	0.682143
Location0	0.918272	382	561	0.680927
Location1	0.589483	383	562	0.681495
Location0	0.894816	383	563	0.680284
Location0	0.811147	383	564	0.679078
Location1	0.188462	384	565	0.679646
Location0	0.759883	384	566	0.678445
Location1	0.118477	385	567	0.679012
Location1	0.492451	386	568	0.679577
Location1	0.0178615	387	569	0.680141
Location1	0.414319	388	570	0.680702
Location1	0.190037	389	571	0.681261
Location1	0.645955	390	572	0.681818
Location0	0.738337	390	573	0.680628
Location1	0.560083	391	574	0.681185
Location1	0.538601	392	575	0.681739
Location0	0.998027	392	576	0.680556
Location0	0.8818	392	577	0.679376
Location1	0.29021	393	578	0.679931
Location1	0.358056	394	579	0.680484
Location1	0.0286708	395	580	0.681034
Location0	0.982962	395	581	0.679862
Location1	0.288036	396	582	0.680412
Location0	0.746981	396	583	0.679245
Location1	0.672998	397	584	0.679795
Location1	0.575271	398	585	0.680342
Location1	0.418853	399	586	0.680887
Location1	0.363801	400	587	0.681431
Location1	0.495207	401	588	0.681973
Location1	0.433987	402	589	0.682513
Location0	0.820242	402	590	0.681356
Location1	0.13126	403	591	0.681895
Location1	0.352259	404	592	0.682432
Location1	0.409725	405	593	0.682968
Location1	0.0260759	406	594	0.683502
Location1	0.163406	407	595	0.684034
Location1	0.598187	408	596	0.684564
Location0	0.785959	408	597	0.683417
Location1	0.281882	409	598	0.683946
Location1	0.0906373	410	599	0.684474
Location0	0.803821	410	600	0.683333
Location0	0.696201	410	601	0.682196
Location1	0.280675	411	602	0.682724
Location1	0.449776	412	603	0.68325
Location1	0.434538	413	604	0.683775
Location0	0.840757	413	605	0.682645
Location0	0.988377	413	606	0.681518
Location1	0.432565	414	607	0.682043
Location0	0.722558	414	608	0.680921
Location1	0.278588	415	609	0.681445
Location0	0.790622	415	610	0.680328
Location0	0.751228	415	611	0.679214
Location1	0.261549	416	612	0.679739
Location1	0.0786576	417	613	0.680261
Location1	0.498209	418	614	0.680782
Location0	0.934547	418	615	0.679675
Location1	0.653928	419	616	0.680195
Location0	0.917062	419	617	0.679092
Location1	0.298348	420	618	0.679612
Location1	0.149135	421	619	0.680129
Location1	0.351049	422	620	0.680645
Location1	0.11859	423	621	0.681159
Location1	0.280395	424	622	0.681672
Location0	0.703308	424	623	0.680578
Location1	0.528315	425	624	0.68109
Location1	0.306471	426	625	0.6816
Location0	0.866713	426	626	0.680511
Location1	0.126502	427	627	0.681021
Location1	0.0924306	428	628	0.681529
Location1	0.148595	429	629	0.682035
Location1	0.217139	430	630	0.68254
Location0	0.896251	430	631	0.681458
Location0	0.844796	430	632	0.68038
Location1	0.497814	431	633	0.680885
Location1	0.346027	432	634	0.681388
Location1	0.279335	433	635	0.68189
Location1	0.338571	434	636	0.68239
Location1	0.334404	435	637	0.682889
Location0	0.7119	435	638	0.681818
Location1	0.0611287	436	639	0.682316
Location1	0.612992	437	640	0.682813
Location1	0.502522	438	641	0.683307
Location0	0.812357	438	642	0.682243
Location0	0.874541	438	643	0.681182
Location1	0.581179	439	644	0.681677
Location1	0.310567	440	645	0.682171
Location0	0.809089	440	646	0.681115
Location1	0.235108	441	647	0.681607
Location1	0.227629	442	648	0.682099
Location1	0.107437	443	649	0.682589
Location1	0.384243	444	650	0.683077
Location1	0.578677	445	651	0.683564
Location1	0.226027	446	652	0.684049
Location1	0.664638	447	653	0.684533
Location1	0.281985	448	654	0.685015
Location0	0.754342	448	655	0.683969
Location0	0.97111	448	656	0.682927
Location1	0.148699	449	657	0.683409
Location0	0.880844	449	658	0.682371
Location1	0.0635402	450	659	0.682853
Location1	0.297294	451	660	0.683333
Location1	0.0979831	452	661	0.683812
Location0	0.959792	452	662	0.682779
Location1	0.14209	453	663	0.683258
Location1	0.595797	454	664	0.683735
Location1	0.305819	455	665	0.684211
Location1	0.421425	456	666	0.684685
Location0	0.934368	456	667	0.683658
Location1	0.640223	457	668	0.684132
Location1	0.133325	458	669	0.684604
Location0	0.995496	458	670	0.683582
Location1	0.253215	459	671	0.684054
Location1	0.635847	460	672	0.684524
Location0	0.807854	460	673	0.683507
Location1	0.127757	461	674	0.683976
Location1	0.217026	462	675	0.684444
Location1	0.11842	463	676	0.684911
Location0	0.936845	463	677	0.6839
Location1	0.452134	464	678	0.684366
Location1	0.346049	465	679	0.684831
Location1	0.0442821	466	680	0.685294
Location0	0.836377	466	681	0.684288
Location0	0.924726	466	682	0.683284
Location1	0.270309	467	683	0.683748
Location1	0.501015	468	684	0.684211
Location1	0.206711	469	685	0.684672
Location1	0.0246511	470	686	0.685131
Location1	0.472125	471	687	0.68559
Location1	0.35541	472	688	0.686047
Location0	0.905495	472	689	0.685051
Location1	0.535665	473	690	0.685507
Location1	0.652704	474	691	0.685962
Location1	0.00347818	475	692	0.686416
Location1	0.495456	476	693	0.686869
Location0	0.794794	476	694	0.685879
Location1	0.599275	477	695	0.686331
Location0	0.801275	477	696	0.685345
Location1	0.21622	478	697	0.685796
Location1	0.533643	479	698	0.686246
Location1	0.441499	480	699	0.686695
Location1	0.349545	481	700	0.687143
Location1	0.529139	482	701	0.687589
Location0	0.694714	482	702	0.68661
Location0	0.985392	482	703	0.685633
Location1	0.336993	483	704	0.68608
Location0	0.822471	483	705	0.685106
Location1	0.202419	484	706	0.685552
Location1	0.455413	485	707	0.685997
Location0	0.759316	485	708	0.685028
Location1	0.654553	486	709	0.685472
Location0	0.801462	486	710	0.684507
Location0	0.803598	486	711	0.683544
Location1	0.490929	487	712	0.683989
Location0	0.726188	487	713	0.683029
Location1	0.073907	488	714	0.683473
Location0	0.991944	488	715	0.682517
Location0	0.932899	488	716	0.681564
Location1	0.0985581	489	717	0.682008
Location1	0.464069	490	718	0.682451
Location1	0.288309	491	719	0.682893
Location1	0.00405325	492	720	0.683333
Location0	0.999734	492	721	0.682386
Location0	0.941013	492	722	0.68144
Location1	0.00753144	493	723	0.681881
Location1	0.49519	494	724	0.68232
Location0	0.735808	494	725	0.681379
Location1	0.606806	495	726	0.681818
Location1	0.296466	496	727	0.682256
Location0	0.952027	496	728	0.681319
Location1	0.140449	497	729	0.681756
Location0	0.737964	497	730	0.680822
Location1	0.301573	498	731	0.681259
Location1	0.669588	499	732	0.681694
Location1	0.432679	500	733	0.682128
Location1	0.286965	501	734	0.682561
Location1	0.00658073	502	735	0.682993
Location1	0.255149	503	736	0.683424
Location1	0.489383	504	737	0.683853
Location1	0.461994	505	738	0.684282
Location1	0.0144649	506	739	0.684709
Location1	0.143936	507	740	0.685135
Location1	0.263455	508	741	0.68556
Location0	0.818063	508	742	0.684636
Location1	0.634865	509	743	0.685061
Location0	0.989643	509	744	0.68414
Location0	0.89197	509	745	0.683221
Location1	0.62681	510	746	0.683646
Location0	0.922543	510	747	0.682731
Location0	0.990528	510	748	0.681818
Location1	0.090879	511	749	0.682243
Location1	0.210852	512	750	0.682667
Location0	0.994581	512	751	0.681758
Location1	0.0906129	513	752	0.682181
Location1	0.151865	514	753	0.682603
Location1	0.00211275	515	754	0.683024
Location1	0.585803	516	755	0.683444
Location0	0.887673	516	756	0.68254
Location1	0.608919	517	757	0.682959
Location0	0.882269	517	758	0.682058
Location0	0.8397	517	759	0.681159
Location0	0.749368	517	760	0.680263
Location1	0.620234	518	761	0.680683
Location1	0.141273	519	762	0.681102
Location1	0.418956	520	763	0.68152
Location1	0.0529121	521	764	0.681937
Location1	0.428237	522	765	0.682353
Location1	0.425537	523	766	0.682768
Location1	0.308061	524	767	0.683181
Location0	0.917621	524	768	0.682292
Location0	0.887531	524	769	0.681404
Location1	0.322526	525	770	0.681818
Location1	0.061557	526	771	0.682231
Location1	0.150986	527	772	0.682642
Location1	0.140589	528	773	0.683053
Location0	0.696422	528	774	0.682171
Location1	0.140629	529	775	0.682581
Location1	0.032559	530	776	0.68299
Location1	0.323232	531	777	0.683398
Location1	0.0631715	532	778	0.683805
Location1	0.023087	533	779	0.684211
Location1	0.414111	534	780	0.684615
Location1	0.274023	535	781	0.685019
Location1	0.0176683	536	782	0.685422
Location1	0.504724	537	783	0.685824
Location1	0.425889	538	784	0.686224
Location1	0.0197811	539	785	0.686624
Location1	0.0905274	540	786	0.687023
Location1	0.313561	541	787	0.687421
Location1	0.6287	542	788	0.687817
Location0	0.972797	542	789	0.686946
Location1	0.153261	543	790	0.687342
Location1	0.378068	544	791	0.687737
Location1	0.59303	545	792	0.688131
Location1	0.294534	546	793	0.688525
Location0	0.797025	546	794	0.687657
Location1	0.645942	547	795	0.68805
Location0	0.722772	547	796	0.687186
Location1	0.222561	548	797	0.687578
Location0	0.954003	548	798	0.686717
Location1	0.640392	549	799	0.687109
Location1	0.110092	550	800	0.6875
Location1	0.27653	551	801	0.68789
Location0	0.701949	551	802	0.687032
Location1	0.261078	552	803	0.687422
Location1	0.417119	553	804	0.687811
Location1	0.398372	554	805	0.688199
Location1	0.401707	555	806	0.688586
Location1	0.449678	556	807	0.688971
Location0	0.721604	556	808	0.688119
Location1	0.464878	557	809	0.688504
Location1	0.472765	558	810	0.688889
Location1	0.135715	559	811	0.689273
Location0	0.738902	559	812	0.688424
Location1	0.490433	560	813	0.688807
Location1	0.640439	561	814	0.689189
Location1	0.16479	562	815	0.689571
Location1	0.510214	563	816	0.689951
Location0	0.730967	563	817	0.689106
Location1	0.478352	564	818	0.689487
Location1	0.138914	565	819	0.689866
Location0	0.703763	565	820	0.689024
Location1	0.631613	566	821	0.689403
Location1	0.516983	567	822	0.689781
Location1	0.296793	568	823	0.690158
Location0	0.926147	568	824	0.68932
Location1	0.314007	569	825	0.689697
Location0	0.942736	569	826	0.688862
Location1	0.648919	570	827	0.689238
Location1	0.536569	571	828	0.689614
Location0	0.896739	571	829	0.688782
Location1	0.289311	572	830	0.689157
Location1	0.646661	573	831	0.689531
Location1	0.173269	574	832	0.689904
Location0	0.991261	574	833	0.689076
Location0	0.907738	574	834	0.688249
Location1	0.590387	575	835	0.688623
Location1	0.389632	576	836	0.688995
Location1	0.309445	577	837	0.689367
Location1	0.0400648	578	838	0.689737
Location1	0.111236	579	839	0.690107
Location0	0.774324	579	840	0.689286
Location1	0.512829	580	841	0.689655
Location1	0.246952	581	842	0.690024
Location1	0.513225	582	843	0.690391
Location1	0.00326244	583	844	0.690758
Location0	0.887391	583	845	0.689941
Location1	0.678016	584	846	0.690307
Location1	0.513477	585	847	0.690673
Location1	0.618357	586	848	0.691038
Location1	0.156367	587	849	0.691402
Location1	0.652391	588	850	0.691765
Location1	0.32212	589	851	0.692127
Location0	0.78798	589	852	0.691315
Location1	0.169373	590	853	0.691676
Location1	0.618914	591	854	0.692037
Location0	0.714127	591	855	0.691228
Location1	0.483381	592	856	0.691589
Location1	0.561649	593	857	0.691949
Location1	0.363046	594	858	0.692308
Location1	0.0199493	595	859	0.692666
Location1	0.458388	596	860	0.693023
Location1	0.652357	597	861	0.69338
Location1	0.66661	598	862	0.693735
Location1	0.631657	599	863	0.69409
Location1	0.643618	600	864	0.694444
Location1	0.574348	601	865	0.694798
Location1	0.222044	602	866	0.69515
Location1	0.0332505	603	867	0.695502
Location0	0.883794	603	868	0.6947
Location1	0.262109	604	869	0.695052
Location1	0.144487	605	870	0.695402
Location1	0.658117	606	871	0.695752
Location0	0.774938	606	872	0.694954
Location1	0.391438	607	873	0.695304
Location1	0.171343	608	874	0.695652
Location0	0.778201	608	875	0.694857
Location1	0.278829	609	876	0.695205
Location0	0.849358	609	877	0.694413
Location1	0.291677	610	878	0.694761
Location0	0.897186	610	879	0.69397
Location1	0.00572543	611	880	0.694318
Location0	0.944068	611	881	0.69353
Location1	0.219307	612	882	0.693878
Location0	0.793706	612	883	0.693092
Location1	0.113441	613	884	0.693439
Location0	0.838221	613	885	0.692655
Location1	0.507833	614	886	0.693002
Location1	0.596822	615	887	0.693348
Location1	0.39987	616	888	0.693694
Location0	0.870879	616	889	0.692913
Location1	0.616771	617	890	0.693258
Location0	0.858258	617	891	0.69248
Location1	0.523237	618	892	0.692825
Location1	0.283381	619	893	0.693169
Location1	0.489915	620	894	0.693512
Location1	0.166855	621	895	0.693855
Location0	0.85773	621	896	0.69308
Location0	0.711959	621	897	0.692308
Location1	0.200105	622	898	0.69265
Location0	0.741523	622	899	0.69188
Location0	0.974068	622	900	0.691111
Location1	0.344592	623	901	0.691454
Location1	0.399641	624	902	0.691796
Location0	0.749006	624	903	0.69103
Location0	0.73603	624	904	0.690265
Location1	0.570983	625	905	0.690608
Location1	0.527206	626	906	0.690949
Location1	0.0148596	627	907	0.69129
Location1	0.420342	628	908	0.69163
Location0	0.818884	628	909	0.690869
Location0	0.912046	628	910	0.69011
Location1	0.426067	629	911	0.69045
Location0	0.762952	629	912	0.689693
Location1	0.131353	630	913	0.690033
Location1	0.219773	631	914	0.690372
Location0	0.876393	631	915	0.689617
Location0	0.969574	631	916	0.688865
Location0	0.727606	631	917	0.688113
Location1	0.473215	632	918	0.688453
Location1	0.369444	633	919	0.688792
Location1	0.598485	634	920	0.68913
Location1	0.0899865	635	921	0.689468
Location1	0.227702	636	922	0.689805
Location1	0.121722	637	923	0.690141
Location1	0.373368	638	924	0.690476
Location0	0.717616	638	925	0.68973
Location1	0.288576	639	926	0.690065
Location1	0.231097	640	927	0.690399
Location1	0.429575	641	928	0.690733
Location1	0.488682	642	929	0.691066
Location0	0.972621	642	930	0.690323
Location1	0.403643	643	931	0.690655
Location0	0.833274	643	932	0.689914
Location1	0.372262	644	933	0.690247
Location1	0.152648	645	934	0.690578
Location1	0.569304	646	935	0.690909
Location0	0.943245	646	936	0.690171
Location1	0.679855	647	937	0.690502
Location1	0.584164	648	938	0.690832
Location1	0.363587	649	939	0.691161
Location1	0.498739	650	940	0.691489
Location1	0.49621	651	941	0.691817
Location0	0.789654	651	942	0.691083
Location1	0.26169	652	943	0.69141
Location1	0.627563	653	944	0.691737
Location1	0.00942654	654	945	0.692063
Location1	0.138083	655	946	0.692389
Location1	0.597137	656	947	0.692714
Location0	0.737032	656	948	0.691983
Location1	0.611299	657	949	0.692308
Location0	0.96658	657	950	0.691579
Location1	0.335518	658	951	0.691903
Location0	0.701285	658	952	0.691176
Location1	0.194282	659	953	0.691501
Location1	0.457239	660	954	0.691824
Location1	0.0746529	661	955	0.692147
Location0	0.911898	661	956	0.691423
Location0	0.745816	661	957	0.6907
Location1	0.30575	662	958	0.691023
Location1	0.341473	663	959	0.691345
Location1	0.234497	664	960	0.691667
Location1	0.278371	665	961	0.691988
Location0	0.745115	665	962	0.691268
Location1	0.067771	666	963	0.691589
Location1	0.650633	667	964	0.691909
Location0	0.897764	667	965	0.691192
Location1	0.637075	668	966	0.691511
Location1	0.593878	669	967	0.69183
Location1	0.577619	670	968	0.692149
Location1	0.221239	671	969	0.692466
Location0	0.957465	671	970	0.691753
Location1	0.076357	672	971	0.69207
Location0	0.717449	672	972	0.691358
Location0	0.747119	672	973	0.690647
Location1	0.338047	673	974	0.690965
Location1	0.345011	674	975	0.691282
Location0	0.756545	674	976	0.690574
Location1	0.476131	675	977	0.69089
Location0	0.942148	675	978	0.690184
Location1	0.493578	676	979	0.690501
Location1	0.0874293	677	980	0.690816
Location0	0.908728	677	981	0.690112
Location0	0.829095	677	982	0.689409
Location0	0.788714	677	983	0.688708
Location1	0.10301	678	984	0.689024
Location1	0.286335	679	985	0.68934
Location0	0.863367	679	986	0.688641
Location1	0.0149075	680	987	0.688956
Location1	0.0321506	681	988	0.689271
Location1	0.169118	682	989	0.689585
Location1	0.35638	683	990	0.689899
Location1	0.266648	684	991	0.690212
Location1	0.447489	685	992	0.690524
Location1	0.101496	686	993	0.690836
Location1	0.334419	687	994	0.691147
Location1	0.0981221	688	995	0.691457
Location0	0.999259	688	996	0.690763
Location0	0.971494	688	997	0.69007
Location1	0.692	689	998	0.690381
Location1	0.576878	690	999	0.690691
Location1	0.192733	691	1000	0.691
