# ./RandDemo6 N=1000 seed=5521221
Location0	0.570276	0.832566	0	1	0
Location1	0.0733364	0.276332	1	2	2
Location1	0.561427	0.7302	2	3	2.66667
Location1	0.666663	0.42321	3	4	3
Location1	0.287951	0.552531	4	5	3.2
Location1	0.520961	0.719215	5	6	3.33333
Location1	0.0158326	0.929872	6	7	3.42857
Location0	0.826577	0.830566	6	8	3
Location1	0.063789	0.324801	7	9	3.11111
Location1	0.740086	0.0673529	8	10	3.2
Location1	0.612845	0.545811	9	11	3.27273
Location1	0.233565	0.867223	10	12	3.33333
Location1	0.353127	0.0624261	11	13	3.38462
Location1	0.839821	0.137213	12	14	3.42857
Location1	0.836574	0.000949106	13	15	3.46667
Location1	0.459046	0.406851	14	16	3.5
Location1	0.833515	0.532382	15	17	3.52941
Location1	0.683183	0.394942	16	18	3.55556
Location1	0.262582	0.349845	17	19	3.57895
Location1	0.818152	0.550533	18	20	3.6
Location1	0.902377	0.339113	19	21	3.61905
Location1	0.269748	0.918209	20	22	3.63636
Location1	0.268985	0.0963245	21	23	3.65217
Location1	0.748775	0.332774	22	24	3.66667
Location1	0.421125	0.488861	23	25	3.68
Location1	0.400127	0.0339697	24	26	3.69231
Location1	0.0346716	0.633692	25	27	3.7037
Location1	0.901193	0.387798	26	28	3.71429
Location0	0.696118	0.741014	26	29	3.58621
Location1	0.525011	0.532692	27	30	3.6
Location0	0.741963	0.984057	27	31	3.48387
Location0	0.939543	0.575477	27	32	3.375
Location1	0.516439	0.622726	28	33	3.39394
Location0	0.970419	0.779021	28	34	3.29412
Location0	0.972571	0.788571	28	35	3.2
Location1	0.329554	0.874947	29	36	3.22222
Location1	0.127684	0.599302	30	37	3.24324
Location1	0.793157	0.396669	31	38	3.26316
Location1	0.695627	0.541932	32	39	3.28205
Location1	0.729443	0.116752	33	40	3.3
Location1	0.0307927	0.12957	34	41	3.31707
Location1	0.150722	0.0654643	35	42	3.33333
Location1	0.763262	0.0519145	36	43	3.34884
Location1	0.453263	0.45938	37	44	3.36364
Location0	0.792928	0.978274	37	45	3.28889
Location0	0.992073	0.534891	37	46	3.21739
Location0	0.96233	0.931616	37	47	3.14894
Location1	0.110368	0.478769	38	48	3.16667
Location1	0.554342	0.0807871	39	49	3.18367
Location1	0.257791	0.526913	40	50	3.2
Location0	0.869358	0.587345	40	51	3.13725
Location0	0.40186	0.997042	40	52	3.07692
Location1	0.186647	0.195017	41	53	3.09434
Location1	0.39371	0.882274	42	54	3.11111
Location1	0.736948	0.123153	43	55	3.12727
Location0	0.999026	0.767741	43	56	3.07143
Location1	0.252724	0.149748	44	57	3.08772
Location1	0.833205	0.0159857	45	58	3.10345
Location1	0.201662	0.286468	46	59	3.11864
Location0	0.475366	0.99459	46	60	3.06667
Location1	0.264741	0.467439	47	61	3.08197
Location1	0.529481	0.227072	48	62	3.09677
Location1	0.399055	0.639849	49	63	3.11111
Location0	0.705841	0.953396	49	64	3.0625
Location0	0.720636	0.963632	49	65	3.01538
Location1	0.480309	0.589994	50	66	3.0303
Location0	0.550977	0.882169	50	67	2.98507
Location1	0.587036	0.737624	51	68	3
Location1	0.0771855	0.980746	52	69	3.01449
Location0	0.619898	0.814134	52	70	2.97143
Location1	0.103899	0.618924	53	71	2.98592
Location1	0.581875	0.356623	54	72	3
Location1	0.768672	0.41508	55	73	3.0137
Location0	0.372609	0.970334	55	74	2.97297
Location0	0.701548	0.847975	55	75	2.93333
Location0	0.964925	0.966289	55	76	2.89474
Location1	0.315414	0.494406	56	77	2.90909
Location1	0.193361	0.714469	57	78	2.92308
Location1	0.134255	0.899202	58	79	2.93671
Location0	0.667865	0.854891	58	80	2.9
Location1	0.862834	0.148174	59	81	2.91358
Location1	0.444885	0.413811	60	82	2.92683
Location1	0.030343	0.0319209	61	83	2.93976
Location1	0.151434	0.107529	62	84	2.95238
Location1	0.0126669	0.771332	63	85	2.96471
Location1	0.921662	0.116566	64	86	2.97674
Location1	0.390256	0.503537	65	87	2.98851
Location1	0.473189	0.158928	66	88	3
Location0	0.918617	0.845798	66	89	2.96629
Location1	0.129263	0.620164	67	90	2.97778
Location1	0.693773	0.0941875	68	91	2.98901
Location1	0.586454	0.00918652	69	92	3
Location1	0.588593	0.779815	70	93	3.01075
Location0	0.723655	0.722848	70	94	2.97872
Location1	0.679017	0.39152	71	95	2.98947
Location1	0.57774	0.541851	72	96	3
Location1	0.539694	0.022625	73	97	3.01031
Location0	0.955662	0.570037	73	98	2.97959
Location1	0.054546	0.107096	74	99	2.9899
Location1	0.677566	0.0672129	75	100	3
Location0	0.878428	0.599228	75	101	2.9703
Location1	0.183779	0.268685	76	102	2.98039
Location1	0.102765	0.656969	77	103	2.99029
Location1	0.427613	0.0213817	78	104	3
Location1	0.502767	0.556876	79	105	3.00952
Location1	0.641546	0.19654	80	106	3.01887
Location1	0.651064	0.228	81	107	3.02804
Location1	0.205726	0.239657	82	108	3.03704
Location1	0.0078146	0.929381	83	109	3.04587
Location0	0.962505	0.686832	83	110	3.01818
Location1	0.320901	0.540245	84	111	3.02703
Location1	0.228683	0.860595	85	112	3.03571
Location1	0.56287	0.184344	86	113	3.04425
Location1	0.430632	0.617416	87	114	3.05263
Location1	0.29144	0.108198	88	115	3.06087
Location1	0.684629	0.169869	89	116	3.06897
Location0	0.707426	0.868408	89	117	3.04274
Location1	0.438554	0.810191	90	118	3.05085
Location0	0.525377	0.866167	90	119	3.02521
Location1	0.831573	0.0281437	91	120	3.03333
Location1	0.423043	0.473119	92	121	3.04132
Location1	0.224683	0.0741067	93	122	3.04918
Location1	0.701119	0.430409	94	123	3.05691
Location1	0.313764	0.708933	95	124	3.06452
Location1	0.35979	0.276269	96	125	3.072
Location1	0.395765	0.680692	97	126	3.07937
Location0	0.816514	0.624447	97	127	3.05512
Location1	0.541287	0.379384	98	128	3.0625
Location0	0.808792	0.971919	98	129	3.03876
Location0	0.9968	0.100232	98	130	3.01538
Location1	0.0801173	0.681429	99	131	3.0229
Location1	0.270101	0.787543	100	132	3.0303
Location1	0.549838	0.708654	101	133	3.03759
Location1	0.597734	0.0752146	102	134	3.04478
Location1	0.574821	0.429307	103	135	3.05185
Location0	0.103358	0.997864	103	136	3.02941
Location1	0.902426	0.328042	104	137	3.0365
Location1	0.0719711	0.603545	105	138	3.04348
Location1	0.758451	0.385735	106	139	3.05036
Location1	0.312478	0.118241	107	140	3.05714
Location1	0.662004	0.708243	108	141	3.06383
Location1	0.798933	0.478518	109	142	3.07042
Location1	0.33269	0.34022	110	143	3.07692
Location1	0.857903	0.141482	111	144	3.08333
Location1	0.312139	0.854703	112	145	3.08966
Location1	0.241713	0.392256	113	146	3.09589
Location1	0.536132	0.511814	114	147	3.10204
Location1	0.1798	0.0859699	115	148	3.10811
Location1	0.220468	0.777534	116	149	3.11409
Location1	0.161185	0.795289	117	150	3.12
Location1	0.206841	0.264543	118	151	3.12583
Location1	0.793154	0.109267	119	152	3.13158
Location0	0.592584	0.865125	119	153	3.11111
Location1	0.712812	0.351035	120	154	3.11688
Location1	0.25086	0.0252893	121	155	3.12258
Location0	0.469276	0.912864	121	156	3.10256
Location1	0.733532	0.268209	122	157	3.10828
Location1	0.391382	0.066222	123	158	3.11392
Location1	0.608429	0.249284	124	159	3.1195
Location1	0.207704	0.920568	125	160	3.125
Location1	0.103987	0.449417	126	161	3.13043
Location1	0.312824	0.64012	127	162	3.1358
Location0	0.961231	0.492623	127	163	3.11656
Location1	0.72609	0.181699	128	164	3.12195
Location1	0.270157	0.887274	129	165	3.12727
Location0	0.976989	0.476999	129	166	3.10843
Location1	0.151817	0.770143	130	167	3.11377
Location1	0.586265	0.744401	131	168	3.11905
Location1	0.635268	0.299077	132	169	3.12426
Location1	0.0954362	0.886127	133	170	3.12941
Location1	0.324366	0.564713	134	171	3.1345
Location1	0.798991	0.0578982	135	172	3.13953
Location1	0.832922	0.190373	136	173	3.14451
Location1	0.12412	0.441351	137	174	3.14943
Location1	0.439657	0.331824	138	175	3.15429
Location1	0.361918	0.543645	139	176	3.15909
Location0	0.781241	0.674742	139	177	3.14124
Location1	0.183764	0.742472	140	178	3.14607
Location1	0.167366	0.909854	141	179	3.15084
Location0	0.924172	0.437523	141	180	3.13333
Location0	0.797128	0.90116	141	181	3.11602
Location0	0.914522	0.948944	141	182	3.0989
Location1	0.671303	0.500787	142	183	3.10383
Location1	0.693346	0.306571	143	184	3.1087
Location0	0.799864	0.788782	143	185	3.09189
Location1	0.192698	0.12423	144	186	3.09677
Location0	0.353494	0.991689	144	187	3.08021
Location1	0.182128	0.186416	145	188	3.08511
Location1	0.182062	0.306249	146	189	3.08995
Location1	0.627767	0.621719	147	190	3.09474
Location0	0.638073	0.989685	147	191	3.07853
Location1	0.165364	0.419314	148	192	3.08333
Location1	0.664427	0.349128	149	193	3.08808
Location1	0.161786	0.831793	150	194	3.09278
Location1	0.258981	0.0859576	151	195	3.09744
Location1	0.269316	0.0561092	152	196	3.10204
Location0	0.987118	0.183837	152	197	3.08629
Location1	0.00505369	0.658421	153	198	3.09091
Location1	0.684624	0.698399	154	199	3.09548
Location0	0.964992	0.484488	154	200	3.08
Location1	0.487181	0.15769	155	201	3.08458
Location0	0.608718	0.840675	155	202	3.06931
Location1	0.149379	0.790847	156	203	3.07389
Location1	0.0270913	0.331441	157	204	3.07843
Location1	0.0970956	0.654858	158	205	3.08293
Location0	0.95316	0.735168	158	206	3.06796
Location1	0.644543	0.118523	159	207	3.07246
Location1	0.154482	0.30897	160	208	3.07692
Location1	0.467651	0.316268	161	209	3.08134
Location1	0.140762	0.726632	162	210	3.08571
Location1	0.402225	0.410078	163	211	3.09005
Location1	0.782742	0.389343	164	212	3.09434
Location1	0.593915	0.787795	165	213	3.09859
Location1	0.0477646	0.278539	166	214	3.1028
Location1	0.486195	0.0127564	167	215	3.10698
Location0	0.763028	0.973376	167	216	3.09259
Location1	0.170446	0.371746	168	217	3.09677
Location1	0.814051	0.319825	169	218	3.10092
Location1	0.162593	0.841142	170	219	3.10502
Location1	0.651266	0.259689	171	220	3.10909
Location1	0.496	0.604425	172	221	3.11312
Location0	0.994857	0.140543	172	222	3.0991
Location1	0.722948	0.149339	173	223	3.10314
Location1	0.449512	0.190599	174	224	3.10714
Location1	0.465606	0.590274	175	225	3.11111
Location0	0.917232	0.867832	175	226	3.09735
Location1	0.000352169	0.699973	176	227	3.10132
Location1	0.257175	0.594267	177	228	3.10526
Location1	0.487769	0.304939	178	229	3.10917
Location0	0.872807	0.973963	178	230	3.09565
Location1	0.317696	0.635834	179	231	3.09957
Location0	0.947339	0.488142	179	232	3.08621
Location1	0.00758026	0.76139	180	233	3.09013
Location1	0.807967	0.170173	181	234	3.09402
Location1	0.602532	0.459233	182	235	3.09787
Location1	0.429862	0.0985322	183	236	3.10169
Location1	0.0636577	0.424719	184	237	3.10549
Location1	0.239075	0.786606	185	238	3.10924
Location1	0.574057	0.688587	186	239	3.11297
Location1	0.977205	0.0396634	187	240	3.11667
Location1	0.278861	0.894437	188	241	3.12033
Location1	0.907495	0.279213	189	242	3.12397
Location1	0.59441	0.16467	190	243	3.12757
Location1	0.873481	0.0821792	191	244	3.13115
Location1	0.469609	0.746287	192	245	3.13469
Location1	0.0561426	0.787305	193	246	3.13821
Location1	0.382121	0.00348172	194	247	3.1417
Location1	0.275447	0.389702	195	248	3.14516
Location1	0.764872	0.0834142	196	249	3.14859
Location1	0.559875	0.367404	197	250	3.152
Location0	0.542647	0.989737	197	251	3.13944
Location1	0.465936	0.606304	198	252	3.14286
Location1	0.414455	0.705011	199	253	3.14625
Location0	0.39291	0.988513	199	254	3.13386
Location1	0.393598	0.370116	200	255	3.13725
Location1	0.0281759	0.672459	201	256	3.14062
Location1	0.264553	0.935671	202	257	3.14397
Location0	0.951672	0.858963	202	258	3.13178
Location1	0.100341	0.825153	203	259	3.13514
Location0	0.941142	0.56995	203	260	3.12308
Location0	0.57144	0.997285	203	261	3.11111
Location0	0.357255	0.953561	203	262	3.09924
Location1	0.000766556	0.632702	204	263	3.10266
Location1	0.343263	0.765638	205	264	3.10606
Location0	0.716116	0.903138	205	265	3.09434
Location1	0.133042	0.258763	206	266	3.09774
Location0	0.892875	0.598978	206	267	3.08614
Location1	0.865068	0.30733	207	268	3.08955
Location1	0.303989	0.257978	208	269	3.09294
Location1	0.295842	0.697587	209	270	3.0963
Location1	0.628094	0.324018	210	271	3.09963
Location1	0.370045	0.892646	211	272	3.10294
Location1	0.259689	0.321718	212	273	3.10623
Location1	0.751609	0.36003	213	274	3.10949
Location1	0.14687	0.692751	214	275	3.11273
Location0	0.92998	0.71831	214	276	3.10145
Location1	0.690036	0.287235	215	277	3.10469
Location1	0.671871	0.690803	216	278	3.10791
Location1	0.919937	0.0151344	217	279	3.11111
Location1	0.456441	0.636053	218	280	3.11429
Location0	0.918272	0.589483	218	281	3.1032
Location0	0.894816	0.811147	218	282	3.0922
Location1	0.188462	0.759883	219	283	3.09541
Location1	0.118477	0.492451	220	284	3.09859
Location1	0.0178615	0.414319	221	285	3.10175
Location1	0.190037	0.645955	222	286	3.1049
Location1	0.738337	0.560083	223	287	3.10801
Location0	0.538601	0.998027	223	288	3.09722
Location1	0.8818	0.29021	224	289	3.10035
Location1	0.358056	0.0286708	225	290	3.10345
Location0	0.982962	0.288036	225	291	3.09278
Location0	0.746981	0.672998	225	292	3.08219
Location1	0.575271	0.418853	226	293	3.08532
Location1	0.363801	0.495207	227	294	3.08844
Location1	0.433987	0.820242	228	295	3.09153
Location1	0.13126	0.352259	229	296	3.09459
Location1	0.409725	0.0260759	230	297	3.09764
Location1	0.163406	0.598187	231	298	3.10067
Location1	0.785959	0.281882	232	299	3.10368
Location1	0.0906373	0.803821	233	300	3.10667
Location1	0.696201	0.280675	234	301	3.10963
Location1	0.449776	0.434538	235	302	3.11258
Location0	0.840757	0.988377	235	303	3.10231
Location1	0.432565	0.722558	236	304	3.10526
Location1	0.278588	0.790622	237	305	3.1082
Location1	0.751228	0.261549	238	306	3.11111
Location1	0.0786576	0.498209	239	307	3.11401
Location0	0.934547	0.653928	239	308	3.1039
Location1	0.917062	0.298348	240	309	3.1068
Location1	0.149135	0.351049	241	310	3.10968
Location1	0.11859	0.280395	242	311	3.11254
Location1	0.703308	0.528315	243	312	3.11538
Location1	0.306471	0.866713	244	313	3.11821
Location1	0.126502	0.0924306	245	314	3.12102
Location1	0.148595	0.217139	246	315	3.12381
Location0	0.896251	0.844796	246	316	3.11392
Location1	0.497814	0.346027	247	317	3.11672
Location1	0.279335	0.338571	248	318	3.1195
Location1	0.334404	0.7119	249	319	3.12226
Location1	0.0611287	0.612992	250	320	3.125
Location1	0.502522	0.812357	251	321	3.12773
Location0	0.874541	0.581179	251	322	3.11801
Location1	0.310567	0.809089	252	323	3.12074
Location1	0.235108	0.227629	253	324	3.12346
Location1	0.107437	0.384243	254	325	3.12615
Location1	0.578677	0.226027	255	326	3.12883
Location1	0.664638	0.281985	256	327	3.1315
Location0	0.754342	0.97111	256	328	3.12195
Location1	0.148699	0.880844	257	329	3.12462
Location1	0.0635402	0.297294	258	330	3.12727
Location1	0.0979831	0.959792	259	331	3.12991
Location1	0.14209	0.595797	260	332	3.13253
Location1	0.305819	0.421425	261	333	3.13514
Location0	0.934368	0.640223	261	334	3.12575
Location0	0.133325	0.995496	261	335	3.11642
Location1	0.253215	0.635847	262	336	3.11905
Location1	0.807854	0.127757	263	337	3.12166
Location1	0.217026	0.11842	264	338	3.12426
Location0	0.936845	0.452134	264	339	3.11504
Location1	0.346049	0.0442821	265	340	3.11765
Location0	0.836377	0.924726	265	341	3.1085
Location1	0.270309	0.501015	266	342	3.11111
Location1	0.206711	0.0246511	267	343	3.1137
Location1	0.472125	0.35541	268	344	3.11628
Location0	0.905495	0.535665	268	345	3.10725
Location1	0.652704	0.00347818	269	346	3.10983
Location1	0.495456	0.794794	270	347	3.11239
Location0	0.599275	0.801275	270	348	3.10345
Location1	0.21622	0.533643	271	349	3.10602
Location1	0.441499	0.349545	272	350	3.10857
Location1	0.529139	0.694714	273	351	3.11111
Location0	0.985392	0.336993	273	352	3.10227
Location1	0.822471	0.202419	274	353	3.10482
Location1	0.455413	0.759316	275	354	3.10734
Location0	0.654553	0.801462	275	355	3.09859
Location1	0.803598	0.490929	276	356	3.10112
Location1	0.726188	0.073907	277	357	3.10364
Location0	0.991944	0.932899	277	358	3.09497
Location1	0.0985581	0.464069	278	359	3.09749
Location1	0.288309	0.00405325	279	360	3.1
Location0	0.999734	0.941013	279	361	3.09141
Location1	0.00753144	0.49519	280	362	3.09392
Location1	0.735808	0.606806	281	363	3.09642
Location1	0.296466	0.952027	282	364	3.0989
Location1	0.140449	0.737964	283	365	3.10137
Location1	0.301573	0.669588	284	366	3.10383
Location1	0.432679	0.286965	285	367	3.10627
Location1	0.00658073	0.255149	286	368	3.1087
Location1	0.489383	0.461994	287	369	3.11111
Location1	0.0144649	0.143936	288	370	3.11351
Location1	0.263455	0.818063	289	371	3.1159
Location0	0.634865	0.989643	289	372	3.10753
Location0	0.89197	0.62681	289	373	3.0992
Location0	0.922543	0.990528	289	374	3.09091
Location1	0.090879	0.210852	290	375	3.09333
Location1	0.994581	0.0906129	291	376	3.09574
Location1	0.151865	0.00211275	292	377	3.09814
Location0	0.585803	0.887673	292	378	3.08995
Location0	0.608919	0.882269	292	379	3.08179
Location0	0.8397	0.749368	292	380	3.07368
Location1	0.620234	0.141273	293	381	3.07612
Location1	0.418956	0.0529121	294	382	3.07853
Location1	0.428237	0.425537	295	383	3.08094
Location1	0.308061	0.917621	296	384	3.08333
Location1	0.887531	0.322526	297	385	3.08571
Location1	0.061557	0.150986	298	386	3.08808
Location1	0.140589	0.696422	299	387	3.09044
Location1	0.140629	0.032559	300	388	3.09278
Location1	0.323232	0.0631715	301	389	3.09512
Location1	0.023087	0.414111	302	390	3.09744
Location1	0.274023	0.0176683	303	391	3.09974
Location1	0.504724	0.425889	304	392	3.10204
Location1	0.0197811	0.0905274	305	393	3.10433
Location1	0.313561	0.6287	306	394	3.1066
Location1	0.972797	0.153261	307	395	3.10886
Location1	0.378068	0.59303	308	396	3.11111
Location1	0.294534	0.797025	309	397	3.11335
Location1	0.645942	0.722772	310	398	3.11558
Location1	0.222561	0.954003	311	399	3.11779
Location1	0.640392	0.110092	312	400	3.12
Location1	0.27653	0.701949	313	401	3.12219
Location1	0.261078	0.417119	314	402	3.12438
Location1	0.398372	0.401707	315	403	3.12655
Location1	0.449678	0.721604	316	404	3.12871
Location1	0.464878	0.472765	317	405	3.13086
Location1	0.135715	0.738902	318	406	3.133
Location1	0.490433	0.640439	319	407	3.13514
Location1	0.16479	0.510214	320	408	3.13725
Location1	0.730967	0.478352	321	409	3.13936
Location1	0.138914	0.703763	322	410	3.14146
Location1	0.631613	0.516983	323	411	3.14355
Location1	0.296793	0.926147	324	412	3.14563
Location1	0.314007	0.942736	325	413	3.1477
Location1	0.648919	0.536569	326	414	3.14976
Location1	0.896739	0.289311	327	415	3.15181
Location1	0.646661	0.173269	328	416	3.15385
Location0	0.991261	0.907738	328	417	3.14628
Location1	0.590387	0.389632	329	418	3.14833
Location1	0.309445	0.0400648	330	419	3.15036
Location1	0.111236	0.774324	331	420	3.15238
Location1	0.512829	0.246952	332	421	3.15439
Location1	0.513225	0.00326244	333	422	3.1564
Location0	0.887391	0.678016	333	423	3.14894
Location1	0.513477	0.618357	334	424	3.15094
Location1	0.156367	0.652391	335	425	3.15294
Location1	0.32212	0.78798	336	426	3.15493
Location1	0.169373	0.618914	337	427	3.15691
Location1	0.714127	0.483381	338	428	3.15888
Location1	0.561649	0.363046	339	429	3.16084
Location1	0.0199493	0.458388	340	430	3.16279
Location1	0.652357	0.66661	341	431	3.16473
Location1	0.631657	0.643618	342	432	3.16667
Location1	0.574348	0.222044	343	433	3.16859
Location1	0.0332505	0.883794	344	434	3.17051
Location1	0.262109	0.144487	345	435	3.17241
Location0	0.658117	0.774938	345	436	3.16514
Location1	0.391438	0.171343	346	437	3.16705
Location1	0.778201	0.278829	347	438	3.16895
Location1	0.849358	0.291677	348	439	3.17084
Location1	0.897186	0.00572543	349	440	3.17273
Location1	0.944068	0.219307	350	441	3.1746
Location1	0.793706	0.113441	351	442	3.17647
Location1	0.838221	0.507833	352	443	3.17833
Location1	0.596822	0.39987	353	444	3.18018
Location0	0.870879	0.616771	353	445	3.17303
Location0	0.858258	0.523237	353	446	3.16592
Location1	0.283381	0.489915	354	447	3.16779
Location1	0.166855	0.85773	355	448	3.16964
Location1	0.711959	0.200105	356	449	3.17149
Location0	0.741523	0.974068	356	450	3.16444
Location1	0.344592	0.399641	357	451	3.1663
Location0	0.749006	0.73603	357	452	3.15929
Location1	0.570983	0.527206	358	453	3.16115
Location1	0.0148596	0.420342	359	454	3.163
Location0	0.818884	0.912046	359	455	3.15604
Location1	0.426067	0.762952	360	456	3.15789
Location1	0.131353	0.219773	361	457	3.15974
Location0	0.876393	0.969574	361	458	3.15284
Location1	0.727606	0.473215	362	459	3.15468
Location1	0.369444	0.598485	363	460	3.15652
Location1	0.0899865	0.227702	364	461	3.15835
Location1	0.121722	0.373368	365	462	3.16017
Location1	0.717616	0.288576	366	463	3.16199
Location1	0.231097	0.429575	367	464	3.16379
Location0	0.488682	0.972621	367	465	3.15699
Location1	0.403643	0.833274	368	466	3.1588
Location1	0.372262	0.152648	369	467	3.1606
Location0	0.569304	0.943245	369	468	3.15385
Location1	0.679855	0.584164	370	469	3.15565
Location1	0.363587	0.498739	371	470	3.15745
Location1	0.49621	0.789654	372	471	3.15924
Location1	0.26169	0.627563	373	472	3.16102
Location1	0.00942654	0.138083	374	473	3.16279
Location1	0.597137	0.737032	375	474	3.16456
Location0	0.611299	0.96658	375	475	3.15789
Location1	0.335518	0.701285	376	476	3.15966
Location1	0.194282	0.457239	377	477	3.16143
Location1	0.0746529	0.911898	378	478	3.16318
Location1	0.745816	0.30575	379	479	3.16493
Location1	0.341473	0.234497	380	480	3.16667
Location1	0.278371	0.745115	381	481	3.1684
Location1	0.067771	0.650633	382	482	3.17012
Location0	0.897764	0.637075	382	483	3.16356
Location1	0.593878	0.577619	383	484	3.16529
Location1	0.221239	0.957465	384	485	3.16701
Location1	0.076357	0.717449	385	486	3.16872
Location1	0.747119	0.338047	386	487	3.17043
Location1	0.345011	0.756545	387	488	3.17213
Location0	0.476131	0.942148	387	489	3.16564
Location1	0.493578	0.0874293	388	490	3.16735
Location0	0.908728	0.829095	388	491	3.1609
Location1	0.788714	0.10301	389	492	3.1626
Location1	0.286335	0.863367	390	493	3.1643
Location1	0.0149075	0.0321506	391	494	3.16599
Location1	0.169118	0.35638	392	495	3.16768
Location1	0.266648	0.447489	393	496	3.16935
Location1	0.101496	0.334419	394	497	3.17103
Location0	0.0981221	0.999259	394	498	3.16466
Location0	0.971494	0.692	394	499	3.15832
Location1	0.576878	0.192733	395	500	3.16
Location1	0.649465	0.653235	396	501	3.16168
Location1	0.910181	0.396584	397	502	3.16335
Location0	0.991282	0.255193	397	503	3.15706
Location1	0.153129	0.467413	398	504	3.15873
Location1	0.197341	0.646707	399	505	3.1604
Location1	0.554842	0.106069	400	506	3.16206
Location1	0.475802	0.343557	401	507	3.16371
Location1	0.209078	0.762137	402	508	3.16535
Location1	0.206924	0.223986	403	509	3.16699
Location1	0.794287	0.376042	404	510	3.16863
Location1	0.580366	0.0609352	405	511	3.17025
Location0	0.823531	0.681862	405	512	3.16406
Location0	0.395354	0.921653	405	513	3.15789
Location1	0.681121	0.366848	406	514	3.15953
Location1	0.613653	0.257999	407	515	3.16117
Location1	0.559581	0.263118	408	516	3.16279
Location0	0.911234	0.469762	408	517	3.15667
Location0	0.659702	0.902517	408	518	3.15058
Location0	0.724955	0.812831	408	519	3.14451
Location1	0.36993	0.922296	409	520	3.14615
Location0	0.459538	0.924772	409	521	3.14012
Location1	0.0283642	0.93534	410	522	3.14176
Location1	0.268329	0.237442	411	523	3.1434
Location1	0.697477	0.475253	412	524	3.14504
Location1	0.461428	0.491764	413	525	3.14667
Location1	0.851295	0.0417943	414	526	3.14829
Location1	0.552699	0.674826	415	527	3.14991
Location0	0.723656	0.948053	415	528	3.14394
Location1	0.59648	0.404778	416	529	3.14556
Location1	0.314902	0.210133	417	530	3.14717
Location0	0.662777	0.874483	417	531	3.14124
Location1	0.473251	0.574011	418	532	3.14286
Location1	0.344245	0.132953	419	533	3.14447
Location1	0.476528	0.0692001	420	534	3.14607
Location0	0.945785	0.846458	420	535	3.14019
Location0	0.991496	0.405323	420	536	3.13433
Location1	0.77123	0.0198599	421	537	3.13594
Location1	0.340662	0.0395596	422	538	3.13755
Location1	0.257302	0.0381389	423	539	3.13915
Location1	0.514813	0.718731	424	540	3.14074
Location1	0.529903	0.366109	425	541	3.14233
Location1	0.760525	0.0826017	426	542	3.14391
Location1	0.040935	0.484181	427	543	3.14549
Location1	0.0306549	0.637415	428	544	3.14706
Location1	0.888959	0.345556	429	545	3.14862
Location0	0.847547	0.551736	429	546	3.14286
Location1	0.220039	0.320799	430	547	3.14442
Location1	0.125747	0.564284	431	548	3.14599
Location1	0.453752	0.602275	432	549	3.14754
Location1	0.633484	0.399537	433	550	3.14909
Location1	0.448733	0.62498	434	551	3.15064
Location1	0.804859	0.219964	435	552	3.15217
Location1	0.64484	0.145522	436	553	3.15371
Location1	0.259523	0.902142	437	554	3.15523
Location1	0.18366	0.774336	438	555	3.15676
Location1	0.620873	0.713563	439	556	3.15827
Location1	0.140445	0.381398	440	557	3.15978
Location1	0.796165	0.18138	441	558	3.16129
Location0	0.865579	0.82682	441	559	3.15564
Location0	0.818795	0.754537	441	560	3.15
Location1	0.172376	0.666342	442	561	3.15152
Location1	0.306273	0.392415	443	562	3.15302
Location0	0.98714	0.43202	443	563	3.14742
Location0	0.956699	0.440892	443	564	3.14184
Location1	0.0342951	0.590184	444	565	3.14336
Location1	0.840429	0.483028	445	566	3.14488
Location1	0.215163	0.645288	446	567	3.14638
Location0	0.702992	0.860003	446	568	3.14085
Location0	0.79081	0.962515	446	569	3.13533
Location0	0.762145	0.97447	446	570	3.12982
Location1	0.736852	0.383018	447	571	3.13135
Location0	0.688033	0.877297	447	572	3.12587
Location1	0.764416	0.484198	448	573	3.1274
Location1	0.0586767	0.629995	449	574	3.12892
Location1	0.311018	0.877471	450	575	3.13043
Location1	0.384532	0.483394	451	576	3.13194
Location1	0.543813	0.690805	452	577	3.13345
Location0	0.875809	0.530954	452	578	3.12803
Location1	0.122825	0.832508	453	579	3.12953
Location1	0.971846	0.15712	454	580	3.13103
Location1	0.422692	0.812275	455	581	3.13253
Location1	0.640148	0.637855	456	582	3.13402
Location1	0.457563	0.34314	457	583	3.13551
Location1	0.497859	0.248373	458	584	3.13699
Location1	0.305656	0.260004	459	585	3.13846
Location1	0.222843	0.0425072	460	586	3.13993
Location0	0.643022	0.910877	460	587	3.13458
Location0	0.919804	0.407438	460	588	3.12925
Location0	0.395075	0.978481	460	589	3.12394
Location1	0.0374326	0.706092	461	590	3.12542
Location1	0.855952	0.421965	462	591	3.1269
Location1	0.189486	0.399765	463	592	3.12838
Location1	0.11277	0.0652951	464	593	3.12985
Location1	0.930719	0.235594	465	594	3.13131
Location0	0.897804	0.902565	465	595	3.12605
Location1	0.392714	0.320495	466	596	3.12752
Location1	0.71484	0.0328627	467	597	3.12898
Location1	0.958351	0.172404	468	598	3.13043
Location1	0.376003	0.456209	469	599	3.13189
Location1	0.420777	0.681659	470	600	3.13333
Location1	0.716213	0.64362	471	601	3.13478
Location1	0.724166	0.359235	472	602	3.13621
Location1	0.554497	0.64397	473	603	3.13765
Location0	0.766673	0.949571	473	604	3.13245
Location0	0.62245	0.804106	473	605	3.12727
Location1	0.655664	0.478402	474	606	3.12871
Location1	0.226071	0.84515	475	607	3.13015
Location1	0.878167	0.33884	476	608	3.13158
Location0	0.910445	0.808886	476	609	3.12644
Location1	0.574435	0.808248	477	610	3.12787
Location0	0.711451	0.967149	477	611	3.12275
Location1	0.128744	0.426292	478	612	3.12418
Location1	1.18953e-05	0.0870946	479	613	3.12561
Location1	0.598695	0.376015	480	614	3.12704
Location1	0.543304	0.0194721	481	615	3.12846
Location1	0.0576734	0.259517	482	616	3.12987
Location0	0.663092	0.781839	482	617	3.1248
Location1	0.618752	0.217589	483	618	3.12621
Location1	0.425809	0.385426	484	619	3.12763
Location1	0.16716	0.048259	485	620	3.12903
Location1	0.189532	0.822824	486	621	3.13043
Location1	0.526661	0.415602	487	622	3.13183
Location1	0.667974	0.404829	488	623	3.13323
Location1	0.754443	0.578419	489	624	3.13462
Location1	0.213715	0.328877	490	625	3.136
Location0	0.386667	0.925166	490	626	3.13099
Location1	0.296026	0.515411	491	627	3.13238
Location1	0.351458	0.296038	492	628	3.13376
Location0	0.602505	0.950153	492	629	3.12878
Location1	0.672053	0.145809	493	630	3.13016
Location0	0.969625	0.729727	493	631	3.1252
Location1	0.405326	0.632718	494	632	3.12658
Location1	0.511566	0.0240786	495	633	3.12796
Location0	0.850307	0.937374	495	634	3.12303
Location1	0.409504	0.0174671	496	635	3.12441
Location0	0.985633	0.599036	496	636	3.1195
Location1	0.840291	0.512295	497	637	3.12088
Location1	0.0146383	0.508265	498	638	3.12226
Location0	0.917123	0.769081	498	639	3.11737
Location1	0.0866834	0.130838	499	640	3.11875
Location1	0.097958	0.47335	500	641	3.12012
Location1	0.0560047	0.393984	501	642	3.1215
Location0	0.988761	0.407463	501	643	3.11664
Location1	0.690023	0.591266	502	644	3.11801
Location1	0.357616	0.362076	503	645	3.11938
Location1	0.737076	0.327241	504	646	3.12074
Location1	0.0918023	0.142402	505	647	3.1221
Location0	0.959959	0.603368	505	648	3.11728
Location1	0.16648	0.810266	506	649	3.11864
Location1	0.540742	0.575985	507	650	3.12
Location1	0.827733	0.526376	508	651	3.12135
Location1	0.175021	0.668024	509	652	3.1227
Location1	0.0386707	0.189659	510	653	3.12404
Location1	0.176289	0.955794	511	654	3.12538
Location1	0.95874	0.262972	512	655	3.12672
Location1	0.0866324	0.0566977	513	656	3.12805
Location1	0.736322	0.142637	514	657	3.12938
Location1	0.450682	0.725083	515	658	3.1307
Location1	0.5501	0.140705	516	659	3.13202
Location1	0.31635	0.907716	517	660	3.13333
Location1	0.50278	0.0534253	518	661	3.13464
Location1	0.234957	0.594583	519	662	3.13595
Location1	0.195827	0.194916	520	663	3.13725
Location1	0.197951	0.362307	521	664	3.13855
Location1	0.00518163	0.738693	522	665	3.13985
Location0	0.938292	0.832914	522	666	3.13514
Location1	0.265069	0.113313	523	667	3.13643
Location1	0.500938	0.30374	524	668	3.13772
Location1	0.302972	0.677227	525	669	3.13901
Location1	0.259534	0.261711	526	670	3.1403
Location0	0.940199	0.346166	526	671	3.13562
Location1	0.318409	0.676521	527	672	3.1369
Location1	0.488803	0.769091	528	673	3.13819
Location1	0.401605	0.0389032	529	674	3.13947
Location0	0.909796	0.717954	529	675	3.13481
Location0	0.946619	0.412576	529	676	3.13018
Location1	0.77138	0.181576	530	677	3.13146
Location1	0.00715879	0.967207	531	678	3.13274
Location1	0.376492	0.20511	532	679	3.13402
Location1	0.329514	0.381673	533	680	3.13529
Location1	0.943803	0.267806	534	681	3.13656
Location1	0.214588	0.208872	535	682	3.13783
Location1	0.381119	0.715526	536	683	3.13909
Location1	0.512612	0.68409	537	684	3.14035
Location1	0.392753	0.772145	538	685	3.14161
Location0	0.945801	0.332952	538	686	3.13703
Location1	0.118312	0.26421	539	687	3.13828
Location1	0.00947275	0.607115	540	688	3.13953
Location1	0.0333013	0.411077	541	689	3.14078
Location0	0.646018	0.943097	541	690	3.13623
Location1	0.129032	0.592637	542	691	3.13748
Location1	0.355673	0.900411	543	692	3.13873
Location1	0.774213	0.362832	544	693	3.13997
Location1	0.867618	0.150705	545	694	3.14121
Location1	0.567941	0.197132	546	695	3.14245
Location1	0.532378	0.511744	547	696	3.14368
Location1	0.464938	0.746966	548	697	3.14491
Location0	0.720616	0.846057	548	698	3.1404
Location1	0.462492	0.233228	549	699	3.14163
Location0	0.530147	0.855245	549	700	3.13714
Location1	0.00537306	0.475949	550	701	3.13837
Location1	0.188196	0.123685	551	702	3.1396
Location1	0.740159	0.197669	552	703	3.14083
Location0	0.7308	0.773461	552	704	3.13636
Location1	0.608746	0.376818	553	705	3.13759
Location0	0.716557	0.737778	553	706	3.13314
Location1	0.969456	0.0722305	554	707	3.13437
Location1	0.638189	0.743669	555	708	3.13559
Location1	0.435062	0.505807	556	709	3.13681
Location1	0.894373	0.00300355	557	710	3.13803
Location1	0.702939	0.426751	558	711	3.13924
Location1	0.514748	0.167878	559	712	3.14045
Location1	0.173717	0.235364	560	713	3.14165
Location1	0.0139349	0.636209	561	714	3.14286
Location1	0.468591	0.544082	562	715	3.14406
Location1	0.491454	0.473964	563	716	3.14525
Location1	0.0200311	0.67965	564	717	3.14644
Location1	0.597649	0.76019	565	718	3.14763
Location1	0.877319	0.328449	566	719	3.14882
Location1	0.533651	0.486065	567	720	3.15
Location1	0.705267	0.250208	568	721	3.15118
Location1	0.223843	0.674723	569	722	3.15235
Location1	0.322439	0.862032	570	723	3.15353
Location1	0.418392	0.757501	571	724	3.1547
Location1	0.367839	0.312765	572	725	3.15586
Location1	0.760505	0.0707787	573	726	3.15702
Location1	0.739516	0.275252	574	727	3.15818
Location1	0.238656	0.913234	575	728	3.15934
Location1	0.510616	0.252591	576	729	3.16049
Location0	0.549443	0.979207	576	730	3.15616
Location1	0.796674	0.0408963	577	731	3.15732
Location1	0.453171	0.816705	578	732	3.15847
Location1	0.720546	0.0508198	579	733	3.15962
Location1	0.576895	0.597865	580	734	3.16076
Location1	0.379269	0.110546	581	735	3.1619
Location1	0.0839296	0.0845363	582	736	3.16304
Location1	0.360754	0.307772	583	737	3.16418
Location0	0.759259	0.683193	583	738	3.15989
Location1	0.169804	0.177651	584	739	3.16103
Location1	0.440694	0.537644	585	740	3.16216
Location1	0.490416	0.201198	586	741	3.16329
Location1	0.608422	0.229933	587	742	3.16442
Location1	0.47645	0.847079	588	743	3.16555
Location1	0.143166	0.987066	589	744	3.16667
Location1	0.0996701	0.692609	590	745	3.16779
Location0	0.966273	0.896344	590	746	3.16354
Location1	0.733505	0.419444	591	747	3.16466
Location1	0.713048	0.454052	592	748	3.16578
Location1	0.470263	0.289943	593	749	3.16689
Location1	0.0519162	0.849532	594	750	3.168
Location1	0.400489	0.135846	595	751	3.16911
Location0	0.934069	0.761243	595	752	3.16489
Location1	0.443618	0.693328	596	753	3.166
Location1	0.444436	0.613423	597	754	3.16711
Location0	0.870979	0.885129	597	755	3.16291
Location1	0.151066	0.361396	598	756	3.16402
Location1	0.0863277	0.759488	599	757	3.16513
Location1	0.591328	0.562778	600	758	3.16623
Location1	0.606567	0.734495	601	759	3.16733
Location1	0.549844	0.706237	602	760	3.16842
Location1	0.427104	0.516117	603	761	3.16951
Location1	0.602581	0.160609	604	762	3.1706
Location1	0.935561	0.315629	605	763	3.17169
Location1	0.614661	0.405824	606	764	3.17277
Location1	0.605572	0.666577	607	765	3.17386
Location1	0.255356	0.00606106	608	766	3.17493
Location1	0.802423	0.189425	609	767	3.17601
Location1	0.767304	0.246041	610	768	3.17708
Location1	0.882753	0.21174	611	769	3.17815
Location0	0.859464	0.753733	611	770	3.17403
Location1	0.0968691	0.0105296	612	771	3.1751
Location1	0.115128	0.183197	613	772	3.17617
Location0	0.770018	0.706456	613	773	3.17206
Location1	0.745975	0.376585	614	774	3.17313
Location1	0.440951	0.295819	615	775	3.17419
Location1	0.0828222	0.868055	616	776	3.17526
Location0	0.811936	0.685403	616	777	3.17117
Location1	0.0286642	0.747497	617	778	3.17224
Location1	0.00103202	0.643325	618	779	3.1733
Location1	0.153321	0.606604	619	780	3.17436
Location1	0.309902	0.408677	620	781	3.17542
Location1	0.612665	0.112325	621	782	3.17647
Location1	0.598102	0.379969	622	783	3.17752
Location1	0.358366	0.480856	623	784	3.17857
Location1	0.591709	0.21783	624	785	3.17962
Location1	0.234588	0.688578	625	786	3.18066
Location1	0.228359	0.349716	626	787	3.1817
Location0	0.871775	0.998377	626	788	3.17766
Location1	0.0561725	0.61775	627	789	3.17871
Location1	0.374962	0.497123	628	790	3.17975
Location0	0.913569	0.457784	628	791	3.17573
Location1	0.365178	0.725505	629	792	3.17677
Location1	0.143187	0.393843	630	793	3.17781
Location1	0.473001	0.144219	631	794	3.17884
Location1	0.0371677	0.626322	632	795	3.17987
Location1	0.750824	0.34707	633	796	3.1809
Location1	0.0349992	0.363489	634	797	3.18193
Location1	0.459395	0.633101	635	798	3.18296
Location0	0.743458	0.817761	635	799	3.17897
Location1	0.113957	0.335167	636	800	3.18
Location1	0.0355903	0.348545	637	801	3.18102
Location1	0.0237449	0.26395	638	802	3.18204
Location0	0.698261	0.89552	638	803	3.17808
Location1	0.262327	0.754434	639	804	3.1791
Location1	0.513269	0.637289	640	805	3.18012
Location1	0.251557	0.426838	641	806	3.18114
Location1	0.0950734	0.616736	642	807	3.18216
Location1	0.152343	0.238261	643	808	3.18317
Location1	0.0105781	0.625344	644	809	3.18418
Location1	0.38248	0.0477458	645	810	3.18519
Location1	0.251666	0.133304	646	811	3.18619
Location1	0.394816	0.286665	647	812	3.18719
Location1	0.496793	0.85421	648	813	3.18819
Location1	0.919767	0.240251	649	814	3.18919
Location1	0.671971	0.0337236	650	815	3.19018
Location1	0.575418	0.707562	651	816	3.19118
Location1	0.382269	0.599163	652	817	3.19217
Location1	0.971511	0.0805299	653	818	3.19315
Location1	0.494683	0.233838	654	819	3.19414
Location1	0.834964	0.00795187	655	820	3.19512
Location1	0.871127	0.0865207	656	821	3.1961
Location0	0.43479	0.9662	656	822	3.19221
Location1	0.703256	0.587132	657	823	3.1932
Location1	0.204461	0.713834	658	824	3.19417
Location1	0.212476	0.586941	659	825	3.19515
Location1	0.76158	0.464142	660	826	3.19613
Location1	0.720245	0.156396	661	827	3.1971
Location1	0.750807	0.217038	662	828	3.19807
Location1	0.0106062	0.670574	663	829	3.19903
Location1	0.457289	0.682577	664	830	3.2
Location1	0.704297	0.0327071	665	831	3.20096
Location1	0.390139	0.086566	666	832	3.20192
Location1	0.63187	0.36165	667	833	3.20288
Location1	0.167096	0.126553	668	834	3.20384
Location1	0.595488	0.00205941	669	835	3.20479
Location1	0.134505	0.466614	670	836	3.20574
Location1	0.0885801	0.569294	671	837	3.20669
Location1	0.432815	0.791836	672	838	3.20764
Location1	0.156427	0.637275	673	839	3.20858
Location1	0.505671	0.368903	674	840	3.20952
Location1	0.224217	0.267251	675	841	3.21046
Location0	0.833045	0.944462	675	842	3.20665
Location1	0.423647	0.583852	676	843	3.20759
Location1	0.1615	0.434253	677	844	3.20853
Location1	0.254426	0.618789	678	845	3.20947
Location1	0.11683	0.958723	679	846	3.2104
Location1	0.651496	0.506969	680	847	3.21133
Location1	0.045289	0.283366	681	848	3.21226
Location1	0.868619	0.212385	682	849	3.21319
Location1	0.409919	0.464107	683	850	3.21412
Location1	0.214444	0.544423	684	851	3.21504
Location1	0.930722	0.303024	685	852	3.21596
Location1	0.113718	0.363536	686	853	3.21688
Location1	0.0948607	0.270144	687	854	3.2178
Location1	0.000811551	0.600531	688	855	3.21871
Location1	0.639047	0.225028	689	856	3.21963
Location1	0.867782	0.472092	690	857	3.22054
Location1	0.16949	0.291429	691	858	3.22145
Location1	0.0559438	0.330989	692	859	3.22235
Location1	0.725681	0.31037	693	860	3.22326
Location0	0.949778	0.842512	693	861	3.21951
Location1	0.269093	0.601274	694	862	3.22042
Location1	0.349481	0.314382	695	863	3.22132
Location1	0.884639	0.2181	696	864	3.22222
Location1	0.526767	0.294558	697	865	3.22312
Location0	0.682207	0.741211	697	866	3.2194
Location0	0.838981	0.612929	697	867	3.21569
Location1	0.0442353	0.952699	698	868	3.21659
Location1	0.976465	0.139096	699	869	3.21749
Location0	0.222843	0.977276	699	870	3.21379
Location0	0.739627	0.86189	699	871	3.2101
Location1	0.202305	0.607409	700	872	3.21101
Location1	0.333982	0.371794	701	873	3.21191
Location1	0.898838	0.389925	702	874	3.21281
Location1	0.702784	0.624519	703	875	3.21371
Location1	0.700295	0.652562	704	876	3.21461
Location0	0.467031	0.969387	704	877	3.21095
Location1	0.253835	0.816511	705	878	3.21185
Location1	0.283769	0.138475	706	879	3.21274
Location1	0.0346113	0.810536	707	880	3.21364
Location1	0.433033	0.716818	708	881	3.21453
Location1	0.551746	0.272014	709	882	3.21542
Location1	0.329747	0.595982	710	883	3.21631
Location1	0.224712	0.306212	711	884	3.21719
Location1	0.735078	0.447555	712	885	3.21808
Location1	0.283488	0.474705	713	886	3.21896
Location1	0.309445	0.485793	714	887	3.21984
Location1	0.082114	0.643427	715	888	3.22072
Location0	0.857587	0.980952	715	889	3.2171
Location1	0.0333519	0.560371	716	890	3.21798
Location1	0.605471	0.733647	717	891	3.21886
Location1	0.212932	0.0725013	718	892	3.21973
Location1	0.703034	0.466768	719	893	3.2206
Location0	0.889013	0.986803	719	894	3.217
Location0	0.605242	0.923624	719	895	3.21341
Location1	0.797339	0.038275	720	896	3.21429
Location1	0.640442	0.349085	721	897	3.21516
Location0	0.310289	0.970189	721	898	3.21158
Location0	0.945067	0.535001	721	899	3.20801
Location1	0.276401	0.680144	722	900	3.20889
Location0	0.982557	0.55989	722	901	3.20533
Location1	0.154849	0.292002	723	902	3.20621
Location1	0.0456827	0.236963	724	903	3.20709
Location0	0.935428	0.90327	724	904	3.20354
Location1	0.217915	0.96878	725	905	3.20442
Location1	0.463641	0.823385	726	906	3.2053
Location1	0.702427	0.676573	727	907	3.20617
Location1	0.895886	0.405461	728	908	3.20705
Location1	0.143341	0.784899	729	909	3.20792
Location1	0.392264	0.748583	730	910	3.20879
Location1	0.708523	0.189602	731	911	3.20966
Location1	0.786858	0.348965	732	912	3.21053
Location1	0.538687	0.0971469	733	913	3.21139
Location1	0.319155	0.483754	734	914	3.21225
Location1	0.632148	0.595556	735	915	3.21311
Location1	0.163898	0.614705	736	916	3.21397
Location1	0.155446	0.318747	737	917	3.21483
Location1	0.906706	0.201129	738	918	3.21569
Location0	0.55571	0.842134	738	919	3.21219
Location1	0.104399	0.773624	739	920	3.21304
Location1	0.810914	0.568039	740	921	3.2139
Location1	0.59701	0.513341	741	922	3.21475
Location1	0.244612	0.492896	742	923	3.2156
Location1	0.918802	0.387953	743	924	3.21645
Location1	0.277795	0.311066	744	925	3.2173
Location1	0.136536	0.986318	745	926	3.21814
Location0	0.500668	0.923394	745	927	3.21467
Location1	0.335283	0.0393556	746	928	3.21552
Location1	0.020541	0.654438	747	929	3.21636
Location1	0.523109	0.652689	748	930	3.2172
Location1	0.249994	0.687008	749	931	3.21805
Location1	0.267394	0.40544	750	932	3.21888
Location1	0.00575449	0.1741	751	933	3.21972
Location1	0.606568	0.561464	752	934	3.22056
Location1	0.0162347	0.710967	753	935	3.22139
Location1	0.335089	0.827149	754	936	3.22222
Location1	0.279006	0.932098	755	937	3.22305
Location1	0.34049	0.523618	756	938	3.22388
Location1	0.424994	0.259292	757	939	3.22471
Location0	0.911571	0.702789	757	940	3.22128
Location1	0.570358	0.0481073	758	941	3.2221
Location1	0.689107	0.0710263	759	942	3.22293
Location1	0.971501	0.0243905	760	943	3.22375
Location1	0.110382	0.992042	761	944	3.22458
Location1	0.678828	0.633491	762	945	3.2254
Location0	0.644732	0.928822	762	946	3.22199
Location1	0.320499	0.912125	763	947	3.22281
Location1	0.334262	0.326253	764	948	3.22363
Location1	0.0862257	0.94083	765	949	3.22445
Location1	0.887718	0.10246	766	950	3.22526
Location1	0.651797	0.222806	767	951	3.22608
Location0	0.92961	0.930803	767	952	3.22269
Location1	0.154904	0.2701	768	953	3.2235
Location1	0.454421	0.579899	769	954	3.22432
Location1	0.529392	0.365992	770	955	3.22513
Location1	0.282688	0.0997504	771	956	3.22594
Location0	0.4141	0.971795	771	957	3.22257
Location1	0.170777	0.385601	772	958	3.22338
Location0	0.996186	0.281159	772	959	3.22002
Location1	0.377643	0.675014	773	960	3.22083
Location1	0.91465	0.022375	774	961	3.22164
Location1	0.603836	0.235149	775	962	3.22245
Location0	0.9345	0.938098	775	963	3.21911
Location1	0.561402	0.0207262	776	964	3.21992
Location1	0.878928	0.44912	777	965	3.22073
Location1	0.123187	0.530724	778	966	3.22153
Location1	0.671926	0.0527963	779	967	3.22234
Location1	0.461527	0.826831	780	968	3.22314
Location1	0.322896	0.915948	781	969	3.22394
Location1	0.406729	0.852289	782	970	3.22474
Location1	0.28194	0.689417	783	971	3.22554
Location0	0.952039	0.69604	783	972	3.22222
Location1	0.661213	0.122816	784	973	3.22302
Location1	0.0816411	0.657399	785	974	3.22382
Location1	0.403974	0.459285	786	975	3.22462
Location1	0.332413	0.318624	787	976	3.22541
Location0	0.48166	0.936249	787	977	3.22211
Location1	0.553773	0.41616	788	978	3.2229
Location1	0.874347	0.115175	789	979	3.2237
Location1	0.436886	0.753274	790	980	3.22449
Location1	0.564295	0.560073	791	981	3.22528
Location1	0.283999	0.236221	792	982	3.22607
Location1	0.612869	0.745526	793	983	3.22686
Location1	0.0630516	0.935765	794	984	3.22764
Location1	0.661474	0.469781	795	985	3.22843
Location0	0.788054	0.943414	795	986	3.22515
Location1	0.159198	0.740093	796	987	3.22594
Location0	0.639454	0.820411	796	988	3.22267
Location0	0.862909	0.721095	796	989	3.21941
Location1	0.477809	0.266883	797	990	3.2202
Location1	0.18038	0.810222	798	991	3.22099
Location1	0.585507	0.66204	799	992	3.22177
Location1	0.746471	0.13928	800	993	3.22256
Location1	0.0781996	0.620817	801	994	3.22334
Location1	0.254455	0.515086	802	995	3.22412
Location1	0.374091	0.81875	803	996	3.2249
Location1	0.0751587	0.65809	804	997	3.22568
Location1	0.0549711	0.688028	805	998	3.22645
Location1	0.403616	0.118023	806	999	3.22723
Location1	0.623793	0.0650896	807	1000	3.228
