# ./RandDemo6 N=200 seed=1234321
Location1	0.0795005	0.512319	1	1	4
Location1	0.664369	0.673453	2	2	4
Location0	0.866947	0.982331	2	3	2.66667
Location0	0.647701	0.783893	2	4	2
Location1	0.00959101	0.350438	3	5	2.4
Location0	0.937246	0.93384	3	6	2
Location0	0.996949	0.909986	3	7	1.71429
Location1	0.28965	0.737886	4	8	2
Location0	0.531809	0.848665	4	9	1.77778
Location1	0.395561	0.07403	5	10	2
Location1	0.783533	0.391783	6	11	2.18182
Location1	0.0760497	0.00885322	7	12	2.33333
Location1	0.0737212	0.730101	8	13	2.46154
Location1	0.0313802	0.888226	9	14	2.57143
Location0	0.876832	0.843601	9	15	2.4
Location0	0.650742	0.956332	9	16	2.25
Location1	0.35592	0.315111	10	17	2.35294
Location1	0.629785	0.222867	11	18	2.44444
Location1	0.297442	0.277486	12	19	2.52632
Location1	0.00676051	0.307033	13	20	2.6
Location0	0.627924	0.944006	13	21	2.47619
Location1	0.240873	0.624873	14	22	2.54545
Location0	0.853992	0.530523	14	23	2.43478
Location1	0.362759	0.385801	15	24	2.5
Location1	0.379188	0.75832	16	25	2.56
Location1	0.459831	0.16272	17	26	2.61538
Location1	0.150103	0.535881	18	27	2.66667
Location1	0.171573	0.223824	19	28	2.71429
Location1	0.265982	0.202954	20	29	2.75862
Location1	0.11205	0.142814	21	30	2.8
Location1	0.0465545	0.762791	22	31	2.83871
Location1	0.0991461	0.402474	23	32	2.875
Location1	0.0779025	0.728932	24	33	2.90909
Location1	0.625342	0.375344	25	34	2.94118
Location1	0.00641788	0.632102	26	35	2.97143
Location1	0.682377	0.634342	27	36	3
Location0	0.576109	0.92325	27	37	2.91892
Location1	0.259214	0.430101	28	38	2.94737
Location1	0.453772	0.621973	29	39	2.97436
Location0	0.815902	0.83296	29	40	2.9
Location1	0.380293	0.275734	30	41	2.92683
Location0	0.99568	0.530395	30	42	2.85714
Location1	0.811615	0.167254	31	43	2.88372
Location1	0.754219	0.0775965	32	44	2.90909
Location1	0.370207	0.866268	33	45	2.93333
Location1	0.22041	0.416762	34	46	2.95652
Location1	0.62906	0.319556	35	47	2.97872
Location0	0.819236	0.706962	35	48	2.91667
Location1	0.0484879	0.444578	36	49	2.93878
Location1	0.0823066	0.0549058	37	50	2.96
Location1	0.0766799	0.764684	38	51	2.98039
Location1	0.689248	0.652788	39	52	3
Location0	0.687933	0.948462	39	53	2.9434
Location1	0.0828895	0.141706	40	54	2.96296
Location0	0.570435	0.898792	40	55	2.90909
Location0	0.974666	0.950728	40	56	2.85714
Location1	0.174526	0.970346	41	57	2.87719
Location0	0.481123	0.98614	41	58	2.82759
Location1	0.1376	0.235342	42	59	2.84746
Location1	0.0637368	0.507807	43	60	2.86667
Location1	0.10161	0.284147	44	61	2.88525
Location0	0.924568	0.73067	44	62	2.83871
Location1	0.603703	0.743805	45	63	2.85714
Location1	0.437633	0.652191	46	64	2.875
Location1	0.188382	0.519939	47	65	2.89231
Location1	0.707097	0.265062	48	66	2.90909
Location1	0.284623	0.396345	49	67	2.92537
Location0	0.917851	0.972556	49	68	2.88235
Location1	0.344807	0.00074025	50	69	2.89855
Location1	0.114262	0.915242	51	70	2.91429
Location1	0.899532	0.088928	52	71	2.92958
Location1	0.865969	0.0740577	53	72	2.94444
Location1	0.0592741	0.347092	54	73	2.9589
Location1	0.0601979	0.196874	55	74	2.97297
Location1	0.582434	0.123935	56	75	2.98667
Location1	0.704681	0.684045	57	76	3
Location1	0.408082	0.629249	58	77	3.01299
Location1	0.414715	0.0117853	59	78	3.02564
Location1	0.373054	0.852347	60	79	3.03797
Location1	0.663977	0.561436	61	80	3.05
Location1	0.372286	0.371074	62	81	3.06173
Location0	0.826498	0.656909	62	82	3.02439
Location0	0.767419	0.744349	62	83	2.98795
Location1	0.629465	0.112225	63	84	3
Location0	0.745089	0.743728	63	85	2.96471
Location1	0.0274672	0.644622	64	86	2.97674
Location0	0.832656	0.893437	64	87	2.94253
Location0	0.718679	0.89193	64	88	2.90909
Location1	0.240529	0.778877	65	89	2.92135
Location1	0.0888034	0.822963	66	90	2.93333
Location0	0.902812	0.793484	66	91	2.9011
Location1	0.507008	0.310894	67	92	2.91304
Location0	0.422733	0.921723	67	93	2.88172
Location1	0.322679	0.795787	68	94	2.89362
Location0	0.77407	0.986656	68	95	2.86316
Location1	0.357223	0.146356	69	96	2.875
Location1	0.357729	0.183721	70	97	2.8866
Location1	0.803266	0.125148	71	98	2.89796
Location0	0.92807	0.432731	71	99	2.86869
Location1	0.237373	0.67316	72	100	2.88
Location1	0.176459	0.264841	73	101	2.89109
Location1	0.317781	0.0091144	74	102	2.90196
Location1	0.158277	0.0364605	75	103	2.91262
Location1	0.901044	0.398806	76	104	2.92308
Location0	0.815338	0.989848	76	105	2.89524
Location1	0.22177	0.718149	77	106	2.90566
Location0	0.783332	0.728777	77	107	2.8785
Location1	0.0290432	0.206065	78	108	2.88889
Location1	0.6505	0.351722	79	109	2.89908
Location1	0.00185147	0.42457	80	110	2.90909
Location1	0.338378	0.359074	81	111	2.91892
Location1	0.570927	0.696107	82	112	2.92857
Location1	0.542796	0.374192	83	113	2.93805
Location1	0.821255	0.470866	84	114	2.94737
Location1	0.806924	0.0586284	85	115	2.95652
Location1	0.144026	0.983382	86	116	2.96552
Location1	0.323469	0.461807	87	117	2.97436
Location0	0.992497	0.481746	87	118	2.94915
Location0	0.498268	0.893541	87	119	2.92437
Location1	0.880552	0.313605	88	120	2.93333
Location1	0.883388	0.102322	89	121	2.94215
Location1	0.0317548	0.66672	90	122	2.95082
Location1	0.831099	0.060798	91	123	2.95935
Location1	0.872785	0.4816	92	124	2.96774
Location1	0.41252	0.874636	93	125	2.976
Location0	0.90617	0.750898	93	126	2.95238
Location1	0.23371	0.477096	94	127	2.96063
Location1	0.447005	0.776506	95	128	2.96875
Location1	0.851289	0.26826	96	129	2.97674
Location1	0.247372	0.658212	97	130	2.98462
Location1	0.326888	0.391398	98	131	2.99237
Location1	0.641595	0.650357	99	132	3
Location0	0.853205	0.634091	99	133	2.97744
Location1	0.132104	0.351473	100	134	2.98507
Location1	0.527632	0.0126558	101	135	2.99259
Location1	0.665078	0.411021	102	136	3
Location1	0.114978	0.696833	103	137	3.0073
Location1	0.0777407	0.946077	104	138	3.01449
Location0	0.757631	0.950525	104	139	2.99281
Location1	0.427676	0.170151	105	140	3
Location1	0.825161	0.333846	106	141	3.00709
Location1	0.921049	0.0588719	107	142	3.01408
Location1	0.810943	0.368054	108	143	3.02098
Location0	0.835378	0.662232	108	144	3
Location1	0.636314	0.0827501	109	145	3.0069
Location0	0.320444	0.963203	109	146	2.9863
Location0	0.474148	0.962039	109	147	2.96599
Location1	0.61356	0.327353	110	148	2.97297
Location1	0.59613	0.745664	111	149	2.97987
Location1	0.678826	0.123763	112	150	2.98667
Location1	0.758319	0.343905	113	151	2.99338
Location0	0.534783	0.873297	113	152	2.97368
Location1	0.0407379	0.612524	114	153	2.98039
Location0	0.819374	0.798369	114	154	2.96104
Location1	0.563049	0.247051	115	155	2.96774
Location0	0.96852	0.388211	115	156	2.94872
Location0	0.580897	0.88957	115	157	2.92994
Location1	0.447083	0.39184	116	158	2.93671
Location1	0.257624	0.28246	117	159	2.9434
Location1	0.0540712	0.893938	118	160	2.95
Location1	0.365211	0.374515	119	161	2.95652
Location0	0.857141	0.839359	119	162	2.93827
Location1	0.336554	0.470701	120	163	2.94479
Location1	0.166712	0.932684	121	164	2.95122
Location1	0.216364	0.845538	122	165	2.95758
Location1	0.0564469	0.974684	123	166	2.96386
Location1	0.189443	0.59123	124	167	2.97006
Location1	0.847981	0.230181	125	168	2.97619
Location1	0.203754	0.667355	126	169	2.98225
Location1	0.02855	0.766804	127	170	2.98824
Location0	0.914406	0.99707	127	171	2.97076
Location1	0.155014	0.495302	128	172	2.97674
Location0	0.88664	0.602097	128	173	2.95954
Location1	0.887142	0.144263	129	174	2.96552
Location0	0.884557	0.941213	129	175	2.94857
Location1	0.0382014	0.249768	130	176	2.95455
Location1	0.315728	0.895342	131	177	2.96045
Location1	0.0891265	0.652282	132	178	2.96629
Location1	0.366043	0.255839	133	179	2.97207
Location1	0.584967	0.582407	134	180	2.97778
Location1	0.101377	0.641413	135	181	2.98343
Location1	0.557091	0.29082	136	182	2.98901
Location1	0.232644	0.405072	137	183	2.99454
Location1	0.521001	0.436398	138	184	3
Location1	0.0724268	0.549551	139	185	3.00541
Location0	0.203201	0.986832	139	186	2.98925
Location1	0.546621	0.358216	140	187	2.99465
Location1	0.482135	0.433261	141	188	3
Location0	0.960312	0.369277	141	189	2.98413
Location0	0.577524	0.84487	141	190	2.96842
Location1	0.31049	0.615726	142	191	2.97382
Location1	0.0946375	0.626218	143	192	2.97917
Location1	0.511068	0.183764	144	193	2.98446
Location1	0.2785	0.87711	145	194	2.98969
Location1	0.439603	0.863467	146	195	2.99487
Location1	0.459518	0.540979	147	196	3
Location1	0.50488	0.0166085	148	197	3.00508
Location0	0.831799	0.737524	148	198	2.9899
Location1	0.42168	0.3528	149	199	2.99497
Location1	0.173922	0.494107	150	200	3
