# ./RandDemo6 N=500 seed=1234321
Location1	0.0795005	0.512319	1	1	4
Location1	0.664369	0.673453	2	2	4
Location0	0.866947	0.982331	2	3	2.66667
Location0	0.647701	0.783893	2	4	2
Location1	0.00959101	0.350438	3	5	2.4
Location0	0.937246	0.93384	3	6	2
Location0	0.996949	0.909986	3	7	1.71429
Location1	0.28965	0.737886	4	8	2
Location0	0.531809	0.848665	4	9	1.77778
Location1	0.395561	0.07403	5	10	2
Location1	0.783533	0.391783	6	11	2.18182
Location1	0.0760497	0.00885322	7	12	2.33333
Location1	0.0737212	0.730101	8	13	2.46154
Location1	0.0313802	0.888226	9	14	2.57143
Location0	0.876832	0.843601	9	15	2.4
Location0	0.650742	0.956332	9	16	2.25
Location1	0.35592	0.315111	10	17	2.35294
Location1	0.629785	0.222867	11	18	2.44444
Location1	0.297442	0.277486	12	19	2.52632
Location1	0.00676051	0.307033	13	20	2.6
Location0	0.627924	0.944006	13	21	2.47619
Location1	0.240873	0.624873	14	22	2.54545
Location0	0.853992	0.530523	14	23	2.43478
Location1	0.362759	0.385801	15	24	2.5
Location1	0.379188	0.75832	16	25	2.56
Location1	0.459831	0.16272	17	26	2.61538
Location1	0.150103	0.535881	18	27	2.66667
Location1	0.171573	0.223824	19	28	2.71429
Location1	0.265982	0.202954	20	29	2.75862
Location1	0.11205	0.142814	21	30	2.8
Location1	0.0465545	0.762791	22	31	2.83871
Location1	0.0991461	0.402474	23	32	2.875
Location1	0.0779025	0.728932	24	33	2.90909
Location1	0.625342	0.375344	25	34	2.94118
Location1	0.00641788	0.632102	26	35	2.97143
Location1	0.682377	0.634342	27	36	3
Location0	0.576109	0.92325	27	37	2.91892
Location1	0.259214	0.430101	28	38	2.94737
Location1	0.453772	0.621973	29	39	2.97436
Location0	0.815902	0.83296	29	40	2.9
Location1	0.380293	0.275734	30	41	2.92683
Location0	0.99568	0.530395	30	42	2.85714
Location1	0.811615	0.167254	31	43	2.88372
Location1	0.754219	0.0775965	32	44	2.90909
Location1	0.370207	0.866268	33	45	2.93333
Location1	0.22041	0.416762	34	46	2.95652
Location1	0.62906	0.319556	35	47	2.97872
Location0	0.819236	0.706962	35	48	2.91667
Location1	0.0484879	0.444578	36	49	2.93878
Location1	0.0823066	0.0549058	37	50	2.96
Location1	0.0766799	0.764684	38	51	2.98039
Location1	0.689248	0.652788	39	52	3
Location0	0.687933	0.948462	39	53	2.9434
Location1	0.0828895	0.141706	40	54	2.96296
Location0	0.570435	0.898792	40	55	2.90909
Location0	0.974666	0.950728	40	56	2.85714
Location1	0.174526	0.970346	41	57	2.87719
Location0	0.481123	0.98614	41	58	2.82759
Location1	0.1376	0.235342	42	59	2.84746
Location1	0.0637368	0.507807	43	60	2.86667
Location1	0.10161	0.284147	44	61	2.88525
Location0	0.924568	0.73067	44	62	2.83871
Location1	0.603703	0.743805	45	63	2.85714
Location1	0.437633	0.652191	46	64	2.875
Location1	0.188382	0.519939	47	65	2.89231
Location1	0.707097	0.265062	48	66	2.90909
Location1	0.284623	0.396345	49	67	2.92537
Location0	0.917851	0.972556	49	68	2.88235
Location1	0.344807	0.00074025	50	69	2.89855
Location1	0.114262	0.915242	51	70	2.91429
Location1	0.899532	0.088928	52	71	2.92958
Location1	0.865969	0.0740577	53	72	2.94444
Location1	0.0592741	0.347092	54	73	2.9589
Location1	0.0601979	0.196874	55	74	2.97297
Location1	0.582434	0.123935	56	75	2.98667
Location1	0.704681	0.684045	57	76	3
Location1	0.408082	0.629249	58	77	3.01299
Location1	0.414715	0.0117853	59	78	3.02564
Location1	0.373054	0.852347	60	79	3.03797
Location1	0.663977	0.561436	61	80	3.05
Location1	0.372286	0.371074	62	81	3.06173
Location0	0.826498	0.656909	62	82	3.02439
Location0	0.767419	0.744349	62	83	2.98795
Location1	0.629465	0.112225	63	84	3
Location0	0.745089	0.743728	63	85	2.96471
Location1	0.0274672	0.644622	64	86	2.97674
Location0	0.832656	0.893437	64	87	2.94253
Location0	0.718679	0.89193	64	88	2.90909
Location1	0.240529	0.778877	65	89	2.92135
Location1	0.0888034	0.822963	66	90	2.93333
Location0	0.902812	0.793484	66	91	2.9011
Location1	0.507008	0.310894	67	92	2.91304
Location0	0.422733	0.921723	67	93	2.88172
Location1	0.322679	0.795787	68	94	2.89362
Location0	0.77407	0.986656	68	95	2.86316
Location1	0.357223	0.146356	69	96	2.875
Location1	0.357729	0.183721	70	97	2.8866
Location1	0.803266	0.125148	71	98	2.89796
Location0	0.92807	0.432731	71	99	2.86869
Location1	0.237373	0.67316	72	100	2.88
Location1	0.176459	0.264841	73	101	2.89109
Location1	0.317781	0.0091144	74	102	2.90196
Location1	0.158277	0.0364605	75	103	2.91262
Location1	0.901044	0.398806	76	104	2.92308
Location0	0.815338	0.989848	76	105	2.89524
Location1	0.22177	0.718149	77	106	2.90566
Location0	0.783332	0.728777	77	107	2.8785
Location1	0.0290432	0.206065	78	108	2.88889
Location1	0.6505	0.351722	79	109	2.89908
Location1	0.00185147	0.42457	80	110	2.90909
Location1	0.338378	0.359074	81	111	2.91892
Location1	0.570927	0.696107	82	112	2.92857
Location1	0.542796	0.374192	83	113	2.93805
Location1	0.821255	0.470866	84	114	2.94737
Location1	0.806924	0.0586284	85	115	2.95652
Location1	0.144026	0.983382	86	116	2.96552
Location1	0.323469	0.461807	87	117	2.97436
Location0	0.992497	0.481746	87	118	2.94915
Location0	0.498268	0.893541	87	119	2.92437
Location1	0.880552	0.313605	88	120	2.93333
Location1	0.883388	0.102322	89	121	2.94215
Location1	0.0317548	0.66672	90	122	2.95082
Location1	0.831099	0.060798	91	123	2.95935
Location1	0.872785	0.4816	92	124	2.96774
Location1	0.41252	0.874636	93	125	2.976
Location0	0.90617	0.750898	93	126	2.95238
Location1	0.23371	0.477096	94	127	2.96063
Location1	0.447005	0.776506	95	128	2.96875
Location1	0.851289	0.26826	96	129	2.97674
Location1	0.247372	0.658212	97	130	2.98462
Location1	0.326888	0.391398	98	131	2.99237
Location1	0.641595	0.650357	99	132	3
Location0	0.853205	0.634091	99	133	2.97744
Location1	0.132104	0.351473	100	134	2.98507
Location1	0.527632	0.0126558	101	135	2.99259
Location1	0.665078	0.411021	102	136	3
Location1	0.114978	0.696833	103	137	3.0073
Location1	0.0777407	0.946077	104	138	3.01449
Location0	0.757631	0.950525	104	139	2.99281
Location1	0.427676	0.170151	105	140	3
Location1	0.825161	0.333846	106	141	3.00709
Location1	0.921049	0.0588719	107	142	3.01408
Location1	0.810943	0.368054	108	143	3.02098
Location0	0.835378	0.662232	108	144	3
Location1	0.636314	0.0827501	109	145	3.0069
Location0	0.320444	0.963203	109	146	2.9863
Location0	0.474148	0.962039	109	147	2.96599
Location1	0.61356	0.327353	110	148	2.97297
Location1	0.59613	0.745664	111	149	2.97987
Location1	0.678826	0.123763	112	150	2.98667
Location1	0.758319	0.343905	113	151	2.99338
Location0	0.534783	0.873297	113	152	2.97368
Location1	0.0407379	0.612524	114	153	2.98039
Location0	0.819374	0.798369	114	154	2.96104
Location1	0.563049	0.247051	115	155	2.96774
Location0	0.96852	0.388211	115	156	2.94872
Location0	0.580897	0.88957	115	157	2.92994
Location1	0.447083	0.39184	116	158	2.93671
Location1	0.257624	0.28246	117	159	2.9434
Location1	0.0540712	0.893938	118	160	2.95
Location1	0.365211	0.374515	119	161	2.95652
Location0	0.857141	0.839359	119	162	2.93827
Location1	0.336554	0.470701	120	163	2.94479
Location1	0.166712	0.932684	121	164	2.95122
Location1	0.216364	0.845538	122	165	2.95758
Location1	0.0564469	0.974684	123	166	2.96386
Location1	0.189443	0.59123	124	167	2.97006
Location1	0.847981	0.230181	125	168	2.97619
Location1	0.203754	0.667355	126	169	2.98225
Location1	0.02855	0.766804	127	170	2.98824
Location0	0.914406	0.99707	127	171	2.97076
Location1	0.155014	0.495302	128	172	2.97674
Location0	0.88664	0.602097	128	173	2.95954
Location1	0.887142	0.144263	129	174	2.96552
Location0	0.884557	0.941213	129	175	2.94857
Location1	0.0382014	0.249768	130	176	2.95455
Location1	0.315728	0.895342	131	177	2.96045
Location1	0.0891265	0.652282	132	178	2.96629
Location1	0.366043	0.255839	133	179	2.97207
Location1	0.584967	0.582407	134	180	2.97778
Location1	0.101377	0.641413	135	181	2.98343
Location1	0.557091	0.29082	136	182	2.98901
Location1	0.232644	0.405072	137	183	2.99454
Location1	0.521001	0.436398	138	184	3
Location1	0.0724268	0.549551	139	185	3.00541
Location0	0.203201	0.986832	139	186	2.98925
Location1	0.546621	0.358216	140	187	2.99465
Location1	0.482135	0.433261	141	188	3
Location0	0.960312	0.369277	141	189	2.98413
Location0	0.577524	0.84487	141	190	2.96842
Location1	0.31049	0.615726	142	191	2.97382
Location1	0.0946375	0.626218	143	192	2.97917
Location1	0.511068	0.183764	144	193	2.98446
Location1	0.2785	0.87711	145	194	2.98969
Location1	0.439603	0.863467	146	195	2.99487
Location1	0.459518	0.540979	147	196	3
Location1	0.50488	0.0166085	148	197	3.00508
Location0	0.831799	0.737524	148	198	2.9899
Location1	0.42168	0.3528	149	199	2.99497
Location1	0.173922	0.494107	150	200	3
Location1	0.902351	0.377124	151	201	3.00498
Location1	0.48094	0.448972	152	202	3.0099
Location0	0.735339	0.963074	152	203	2.99507
Location0	0.882233	0.695652	152	204	2.98039
Location1	0.332351	0.459758	153	205	2.98537
Location1	0.540521	0.642841	154	206	2.99029
Location1	0.0754835	0.635159	155	207	2.99517
Location1	0.269059	0.586551	156	208	3
Location1	0.818923	0.547559	157	209	3.00478
Location1	0.463662	0.258526	158	210	3.00952
Location0	0.411026	0.923179	158	211	2.99526
Location0	0.799505	0.915906	158	212	2.98113
Location0	0.939788	0.631304	158	213	2.96714
Location1	0.653431	0.361468	159	214	2.97196
Location0	0.984105	0.827353	159	215	2.95814
Location0	0.855575	0.886456	159	216	2.94444
Location1	0.204476	0.336515	160	217	2.94931
Location1	0.335428	0.939816	161	218	2.95413
Location1	0.299589	0.217662	162	219	2.9589
Location1	0.635467	0.63194	163	220	2.96364
Location1	0.677419	0.175989	164	221	2.96833
Location1	0.274781	0.752903	165	222	2.97297
Location1	0.811148	0.54384	166	223	2.97758
Location1	0.339454	0.630071	167	224	2.98214
Location1	0.0913987	0.803116	168	225	2.98667
Location0	0.888597	0.502425	168	226	2.97345
Location0	0.726295	0.688101	168	227	2.96035
Location1	0.418331	0.666083	169	228	2.96491
Location1	0.319406	0.0717618	170	229	2.96943
Location1	0.0275507	0.30351	171	230	2.97391
Location0	0.899115	0.883126	171	231	2.96104
Location1	0.189966	0.103591	172	232	2.96552
Location1	0.219641	0.525395	173	233	2.96996
Location1	0.0434066	0.519229	174	234	2.97436
Location0	0.743056	0.678874	174	235	2.9617
Location1	0.151169	0.420475	175	236	2.9661
Location1	0.854863	0.42595	176	237	2.97046
Location1	0.173378	0.666011	177	238	2.97479
Location0	0.96979	0.512832	177	239	2.96234
Location1	0.296082	0.0611884	178	240	2.96667
Location1	0.315948	0.184679	179	241	2.97095
Location1	0.563613	0.0422425	180	242	2.97521
Location0	0.87278	0.981944	180	243	2.96296
Location1	0.708325	0.192186	181	244	2.96721
Location1	0.0537062	0.735876	182	245	2.97143
Location0	0.495696	0.952821	182	246	2.95935
Location1	0.619002	0.685663	183	247	2.96356
Location1	0.0564116	0.838642	184	248	2.96774
Location1	0.211057	0.0998183	185	249	2.97189
Location0	0.357872	0.954113	185	250	2.96
Location1	0.778692	0.509041	186	251	2.96414
Location1	0.374589	0.633556	187	252	2.96825
Location0	0.934991	0.547967	187	253	2.95652
Location1	0.299567	0.904781	188	254	2.96063
Location1	0.0607987	0.595649	189	255	2.96471
Location0	0.965969	0.376746	189	256	2.95312
Location1	0.780327	0.529583	190	257	2.9572
Location1	0.418989	0.653108	191	258	2.96124
Location1	0.511527	0.127314	192	259	2.96525
Location0	0.845294	0.565233	192	260	2.95385
Location1	0.86319	0.34099	193	261	2.95785
Location1	0.518054	0.482191	194	262	2.96183
Location1	0.0266528	0.574465	195	263	2.96578
Location1	0.320833	0.23771	196	264	2.9697
Location1	0.674284	0.678705	197	265	2.97358
Location1	0.191824	0.452976	198	266	2.97744
Location1	0.187746	0.566412	199	267	2.98127
Location1	0.0865316	0.122738	200	268	2.98507
Location1	0.114379	0.386098	201	269	2.98885
Location1	0.0275185	0.175178	202	270	2.99259
Location0	0.981747	0.993488	202	271	2.98155
Location1	0.551924	0.762075	203	272	2.98529
Location0	0.52307	0.970913	203	273	2.97436
Location1	0.415182	0.0345973	204	274	2.9781
Location1	0.0982267	0.260476	205	275	2.98182
Location0	0.59983	0.961416	205	276	2.97101
Location1	0.601466	0.117884	206	277	2.97473
Location1	0.443608	0.628118	207	278	2.97842
Location0	0.692349	0.764441	207	279	2.96774
Location1	0.865829	0.366633	208	280	2.97143
Location1	0.443146	0.0576521	209	281	2.97509
Location0	0.819609	0.630893	209	282	2.96454
Location0	0.624064	0.906141	209	283	2.95406
Location0	0.75363	0.738444	209	284	2.94366
Location1	0.292239	0.781149	210	285	2.94737
Location1	0.913621	0.273986	211	286	2.95105
Location1	0.774636	0.465546	212	287	2.9547
Location1	0.0360606	0.297707	213	288	2.95833
Location1	0.436458	0.451243	214	289	2.96194
Location1	0.332304	0.534685	215	290	2.96552
Location0	0.711718	0.932135	215	291	2.95533
Location1	0.496101	0.313184	216	292	2.9589
Location1	0.0500187	0.939709	217	293	2.96246
Location0	0.941302	0.742368	217	294	2.95238
Location0	0.70415	0.807131	217	295	2.94237
Location1	0.109001	0.147297	218	296	2.94595
Location0	0.864783	0.92861	218	297	2.93603
Location1	0.778189	0.488848	219	298	2.9396
Location1	0.834751	0.531819	220	299	2.94314
Location1	0.227291	0.12699	221	300	2.94667
Location1	0.312968	0.140913	222	301	2.95017
Location1	0.400976	0.0876041	223	302	2.95364
Location1	0.606458	0.437037	224	303	2.9571
Location1	0.385311	0.0429164	225	304	2.96053
Location0	0.88828	0.717615	225	305	2.95082
Location1	0.577602	0.599998	226	306	2.95425
Location1	0.64975	0.073703	227	307	2.95765
Location0	0.913182	0.699769	227	308	2.94805
Location1	0.0134121	0.854484	228	309	2.95146
Location1	0.442137	0.717562	229	310	2.95484
Location1	0.661615	0.551138	230	311	2.9582
Location0	0.864859	0.526398	230	312	2.94872
Location1	0.479749	0.643048	231	313	2.95208
Location1	0.015246	0.3145	232	314	2.95541
Location1	0.174867	0.242537	233	315	2.95873
Location1	0.44149	0.487835	234	316	2.96203
Location1	0.38345	0.842467	235	317	2.9653
Location0	0.575439	0.989908	235	318	2.95597
Location0	0.279504	0.96075	235	319	2.94671
Location1	0.0328241	0.167783	236	320	2.95
Location1	0.678365	0.610426	237	321	2.95327
Location1	0.767781	0.328115	238	322	2.95652
Location1	0.684129	0.680963	239	323	2.95975
Location1	0.0278839	0.697541	240	324	2.96296
Location1	0.535448	0.470021	241	325	2.96615
Location1	0.415103	0.197063	242	326	2.96933
Location1	0.0211589	0.279962	243	327	2.97248
Location1	0.723462	0.500908	244	328	2.97561
Location0	0.92301	0.738708	244	329	2.96657
Location1	0.815407	0.0978769	245	330	2.9697
Location0	0.981245	0.256898	245	331	2.96073
Location1	0.585712	0.364694	246	332	2.96386
Location1	0.0993642	0.16115	247	333	2.96697
Location1	0.354602	0.378868	248	334	2.97006
Location1	0.1219	0.387426	249	335	2.97313
Location1	0.546651	0.800266	250	336	2.97619
Location0	0.997852	0.314432	250	337	2.96736
Location1	0.128381	0.68198	251	338	2.97041
Location0	0.995395	0.156265	251	339	2.96165
Location1	0.379521	0.530843	252	340	2.96471
Location0	0.626286	0.794624	252	341	2.95601
Location1	0.727906	0.647445	253	342	2.95906
Location1	0.074586	0.451368	254	343	2.9621
Location0	0.148352	0.997596	254	344	2.95349
Location1	0.190075	0.96376	255	345	2.95652
Location1	0.0954728	0.17132	256	346	2.95954
Location1	0.220657	0.681184	257	347	2.96254
Location1	0.536015	0.320021	258	348	2.96552
Location0	0.842335	0.890617	258	349	2.95702
Location0	0.698889	0.964235	258	350	2.94857
Location1	0.278043	0.24554	259	351	2.95157
Location1	0.764501	0.275895	260	352	2.95455
Location0	0.559972	0.892882	260	353	2.94618
Location0	0.957875	0.555368	260	354	2.93785
Location1	0.0491466	0.337396	261	355	2.94085
Location1	0.0862109	0.675432	262	356	2.94382
Location1	0.13202	0.814117	263	357	2.94678
Location1	0.322877	0.206606	264	358	2.94972
Location1	0.265485	0.471229	265	359	2.95265
Location1	0.204202	0.45556	266	360	2.95556
Location1	0.434988	0.299675	267	361	2.95845
Location1	0.626881	0.655646	268	362	2.96133
Location1	0.980859	0.162895	269	363	2.96419
Location0	0.975667	0.823194	269	364	2.95604
Location1	0.0535118	0.674556	270	365	2.9589
Location1	0.787429	0.331555	271	366	2.96175
Location0	0.920096	0.55193	271	367	2.95368
Location1	0.607449	0.480069	272	368	2.95652
Location1	0.444812	0.565324	273	369	2.95935
Location1	0.0354366	0.493958	274	370	2.96216
Location1	0.90272	0.121648	275	371	2.96496
Location1	0.169391	0.0347407	276	372	2.96774
Location0	0.935765	0.492267	276	373	2.95979
Location1	0.241347	0.20125	277	374	2.96257
Location0	0.963496	0.445549	277	375	2.95467
Location1	0.65681	0.398485	278	376	2.95745
Location1	0.745224	0.283691	279	377	2.96021
Location1	0.0541305	0.726083	280	378	2.96296
Location1	0.446586	0.0297976	281	379	2.9657
Location1	0.549277	0.500098	282	380	2.96842
Location1	0.704354	0.336706	283	381	2.97113
Location0	0.831652	0.62445	283	382	2.96335
Location1	0.888637	0.439101	284	383	2.96606
Location1	0.104519	0.333449	285	384	2.96875
Location1	0.00442581	0.139956	286	385	2.97143
Location0	0.827407	0.907146	286	386	2.96373
Location0	0.261603	0.996798	286	387	2.95607
Location1	0.941887	0.197368	287	388	2.95876
Location1	0.489065	0.183234	288	389	2.96144
Location1	0.398618	0.452562	289	390	2.9641
Location1	0.628783	0.0554278	290	391	2.96675
Location1	0.851046	0.374007	291	392	2.96939
Location1	0.339119	0.905177	292	393	2.97201
Location1	0.10009	0.785704	293	394	2.97462
Location0	0.934974	0.649367	293	395	2.96709
Location1	0.285802	0.639328	294	396	2.9697
Location1	0.986074	0.117454	295	397	2.97229
Location1	0.263779	0.87471	296	398	2.97487
Location1	0.556556	0.368298	297	399	2.97744
Location1	0.208159	0.560981	298	400	2.98
Location1	0.508254	0.0355658	299	401	2.98254
Location1	0.468128	0.769857	300	402	2.98507
Location1	0.0323636	0.410015	301	403	2.98759
Location0	0.967225	0.521429	301	404	2.9802
Location1	0.593249	0.365843	302	405	2.98272
Location1	0.97399	0.222032	303	406	2.98522
Location1	0.421271	0.825037	304	407	2.98771
Location1	0.596039	0.760389	305	408	2.9902
Location0	0.730213	0.696129	305	409	2.98289
Location1	0.546094	0.665188	306	410	2.98537
Location1	0.345496	0.831896	307	411	2.98783
Location1	0.304516	0.331569	308	412	2.99029
Location0	0.94935	0.568295	308	413	2.98305
Location1	0.20628	0.505906	309	414	2.98551
Location0	0.936593	0.414439	309	415	2.97831
Location1	0.066887	0.444846	310	416	2.98077
Location1	0.450004	0.535015	311	417	2.98321
Location1	0.214704	0.482368	312	418	2.98565
Location1	0.945029	0.181929	313	419	2.98807
Location1	0.00379668	0.538278	314	420	2.99048
Location0	0.547772	0.977787	314	421	2.98337
Location0	0.76031	0.969043	314	422	2.9763
Location1	0.802824	0.356348	315	423	2.97872
Location1	0.729432	0.533037	316	424	2.98113
Location1	0.0524768	0.275526	317	425	2.98353
Location1	0.198225	0.397973	318	426	2.98592
Location1	0.107422	0.502741	319	427	2.98829
Location1	0.729542	0.0567716	320	428	2.99065
Location1	0.0710355	0.935822	321	429	2.99301
Location1	0.562677	0.00762817	322	430	2.99535
Location1	0.35026	0.629564	323	431	2.99768
Location1	0.452475	0.800264	324	432	3
Location1	0.164579	0.667178	325	433	3.00231
Location1	0.282632	0.109608	326	434	3.00461
Location1	0.849107	0.286429	327	435	3.0069
Location1	0.647886	0.396879	328	436	3.00917
Location1	0.264216	0.408196	329	437	3.01144
Location1	0.365922	0.0670396	330	438	3.0137
Location1	0.764544	0.0953545	331	439	3.01595
Location0	0.600076	0.817021	331	440	3.00909
Location1	0.37088	0.798301	332	441	3.01134
Location1	0.214994	0.478302	333	442	3.01357
Location1	0.301042	0.944536	334	443	3.0158
Location1	0.535074	0.372077	335	444	3.01802
Location1	0.880357	0.0977508	336	445	3.02022
Location1	0.379705	0.230617	337	446	3.02242
Location0	0.727315	0.83218	337	447	3.01566
Location1	0.0308817	0.891894	338	448	3.01786
Location1	0.499358	0.313514	339	449	3.02004
Location1	0.00150175	0.348466	340	450	3.02222
Location1	0.599943	0.649388	341	451	3.02439
Location0	0.745345	0.864159	341	452	3.0177
Location1	0.057584	0.111267	342	453	3.01987
Location0	0.931199	0.822128	342	454	3.01322
Location1	0.206622	0.531275	343	455	3.01538
Location1	0.639149	0.577502	344	456	3.01754
Location1	0.329576	0.854143	345	457	3.01969
Location1	0.0558044	0.630618	346	458	3.02183
Location1	0.798678	0.590878	347	459	3.02397
Location1	0.0026956	0.679036	348	460	3.02609
Location1	0.688629	0.382401	349	461	3.0282
Location0	0.909653	0.415944	349	462	3.02165
Location1	0.214581	0.940535	350	463	3.02376
Location1	0.307837	0.71394	351	464	3.02586
Location1	0.254049	0.309339	352	465	3.02796
Location1	0.0624055	0.853992	353	466	3.03004
Location0	0.958727	0.807751	353	467	3.02355
Location1	0.718151	0.0163112	354	468	3.02564
Location0	0.919018	0.64935	354	469	3.01919
Location1	0.838439	0.125639	355	470	3.02128
Location1	0.180625	0.477589	356	471	3.02335
Location1	0.703142	0.510202	357	472	3.02542
Location1	0.331732	0.758946	358	473	3.02748
Location1	0.14082	0.13041	359	474	3.02954
Location1	0.349824	0.143516	360	475	3.03158
Location1	0.809446	0.0384531	361	476	3.03361
Location1	0.525917	0.719099	362	477	3.03564
Location1	0.454397	0.740498	363	478	3.03766
Location0	0.659633	0.762234	363	479	3.03132
Location0	0.454438	0.913682	363	480	3.025
Location1	0.0715735	0.516843	364	481	3.02703
Location1	0.767674	0.0303007	365	482	3.02905
Location1	0.324594	0.485825	366	483	3.03106
Location1	0.0466119	0.243611	367	484	3.03306
Location1	0.135175	0.885051	368	485	3.03505
Location1	0.369251	0.315801	369	486	3.03704
Location1	0.36264	0.0723925	370	487	3.03901
Location0	0.826003	0.694372	370	488	3.03279
Location0	0.831339	0.966823	370	489	3.02658
Location1	0.824782	0.181163	371	490	3.02857
Location1	0.110339	0.634228	372	491	3.03055
Location1	0.219616	0.636256	373	492	3.03252
Location1	0.353326	0.674013	374	493	3.03448
Location1	0.376754	0.0129591	375	494	3.03644
Location1	0.436247	0.831191	376	495	3.03838
Location0	0.926641	0.507821	376	496	3.03226
Location1	0.348035	0.694315	377	497	3.03421
Location1	0.538121	0.672628	378	498	3.03614
Location1	0.18014	0.584733	379	499	3.03808
Location1	0.91624	0.315315	380	500	3.04
